ncols         157
nrows         141
xllcorner     183648.0321
yllcorner     517256.9598
cellsize      30
NODATA_value  -9999
1 1 2 2 2 2 2 2 2 2 2 1 0 2 0 2 0 0 2 0 0 0 0 2 1 1 1 1 1 1 2 2 2 2 0 2 0 2 2 2 2 2 2 2 2 2 2 2 2 2 2 2 2 2 2 2 2 0 0 0 0 2 1 2 0 2 2 2 2 2 2 2 2 2 0 0 2 2 0 0 2 2 0 0 2 2 2 2 2 2 2 1 1 2 2 2 2 2 0 0 0 2 2 0 0 2 2 2 0 2 2 1 0 2 2 2 2 2 1 1 1 2 0 1 0 2 2 2 0 0 2 0 0 0 2 0 0 0 2 2 2 2 2 0 2 0 0 0 0 2 1 1 1 1 2 0 0 
1 1 1 2 2 2 2 2 2 2 2 2 1 2 2 2 0 2 0 0 0 1 1 2 1 1 2 2 1 1 1 1 1 1 0 2 2 0 2 2 2 2 2 2 2 2 2 2 2 0 2 2 2 2 2 2 2 0 1 0 2 0 2 0 0 2 2 2 2 2 2 2 1 0 2 2 0 2 2 0 2 2 0 2 2 2 2 2 2 2 2 1 2 0 0 0 0 2 2 2 2 2 0 2 0 0 2 2 0 0 2 2 2 0 2 2 2 2 1 1 1 2 0 1 0 2 2 2 2 2 2 2 0 0 2 0 2 0 2 2 2 0 2 0 0 0 2 0 0 2 1 0 0 0 2 2 2 
1 1 1 1 1 2 2 2 2 2 2 2 2 1 0 2 2 0 0 0 0 1 1 2 2 2 1 1 1 1 1 1 1 1 2 0 2 2 2 2 2 2 2 2 2 2 2 2 2 0 2 2 2 2 2 2 2 0 2 2 0 2 2 0 2 2 2 2 2 2 2 2 1 0 2 2 1 1 2 2 2 2 0 2 2 1 2 2 2 2 2 2 2 2 2 0 2 2 0 0 0 0 0 0 1 1 2 2 2 0 2 2 0 0 0 0 0 0 1 1 1 2 0 1 0 2 2 2 0 2 2 1 0 0 2 2 2 2 0 2 0 2 2 2 2 2 2 2 2 2 2 2 2 2 2 2 2 
1 2 1 1 1 1 2 2 2 2 2 2 2 2 1 0 2 2 0 0 0 1 1 1 1 1 1 1 1 1 1 1 1 1 2 0 2 0 2 2 2 2 2 2 0 0 0 0 2 0 2 2 2 0 0 0 2 2 0 2 2 1 2 0 2 2 2 2 2 2 2 2 1 2 2 2 0 2 2 0 0 2 2 0 2 0 2 2 2 2 2 2 0 2 2 2 2 2 0 0 0 2 2 2 0 0 2 1 2 0 0 2 0 2 2 2 2 0 0 0 0 0 1 1 0 2 2 0 0 2 2 2 2 2 2 1 1 1 2 2 0 0 1 0 0 0 2 0 0 2 2 2 2 2 2 2 2 
1 1 0 0 1 1 1 1 2 2 2 2 2 2 2 1 0 2 0 0 0 1 0 0 1 1 1 1 1 1 1 1 1 1 1 0 2 0 2 2 0 2 2 2 0 2 2 2 2 0 2 2 0 0 0 0 2 2 2 2 1 1 2 0 0 2 2 2 2 2 2 2 2 2 2 2 0 1 2 2 0 2 2 2 2 2 0 1 2 2 2 2 0 2 2 0 2 0 0 0 2 0 0 0 0 2 2 0 0 2 2 0 0 0 0 0 2 0 0 0 0 0 1 1 0 2 2 2 2 0 2 0 0 0 2 1 1 1 1 2 0 0 2 0 0 0 0 0 0 2 2 2 0 0 2 2 2 
1 0 0 1 1 2 1 1 1 2 2 2 2 2 2 2 1 2 2 0 0 0 0 0 1 1 1 1 1 1 1 1 0 0 0 0 2 2 2 2 2 2 2 2 2 0 0 2 2 0 0 2 0 0 0 0 0 2 2 2 2 0 2 2 0 2 2 2 2 2 2 2 2 2 2 2 1 0 0 2 2 0 2 0 2 2 2 2 2 2 2 2 2 2 2 2 0 0 0 0 0 0 2 2 2 0 2 0 2 2 2 2 2 0 0 0 2 0 2 2 2 0 1 1 2 2 0 0 0 0 2 0 0 2 2 1 1 1 0 2 0 1 0 0 2 2 2 2 2 2 2 0 0 0 0 0 0 
0 1 0 1 1 1 0 1 1 1 2 2 2 2 2 2 2 1 2 2 2 0 0 0 1 1 1 1 0 0 0 0 0 0 0 2 2 2 2 2 2 2 2 2 0 0 0 2 0 2 0 0 0 0 0 0 0 2 2 0 2 2 2 2 2 2 2 1 1 1 1 2 2 2 2 2 0 2 1 1 1 2 2 2 2 2 2 2 2 2 2 2 2 2 0 0 2 0 0 0 0 0 0 2 2 2 2 2 0 0 2 2 2 2 2 2 2 2 2 2 2 0 1 0 2 2 0 0 0 0 2 0 0 0 2 1 1 1 0 2 2 2 0 0 0 2 0 0 0 2 2 0 0 1 0 1 0 
0 2 2 1 0 1 1 0 2 1 1 2 2 2 2 2 2 2 1 0 2 2 0 0 0 0 0 0 0 0 0 0 1 1 1 2 0 2 0 2 2 2 0 2 2 2 2 0 0 2 2 0 0 0 0 0 0 0 2 2 2 2 2 2 2 1 0 0 0 0 2 2 2 2 2 2 0 1 1 2 0 2 2 2 0 2 2 2 1 2 2 2 2 2 0 2 0 0 0 0 0 2 2 2 0 2 2 2 1 0 2 2 0 0 0 0 2 0 0 0 2 1 1 0 2 2 2 2 2 2 2 2 0 1 2 0 0 0 0 2 2 2 2 2 2 0 0 0 0 2 2 0 0 0 0 0 0 
0 0 0 1 1 1 1 0 1 0 1 1 2 2 2 2 2 2 2 1 2 2 0 0 0 0 0 0 0 1 1 1 1 1 1 0 0 2 0 2 2 2 0 2 2 2 2 2 2 2 2 0 0 0 0 0 0 0 2 1 0 0 2 1 2 2 0 0 0 0 0 2 2 2 2 2 2 0 0 2 2 2 2 2 2 0 0 2 1 2 2 2 2 2 0 0 2 2 2 2 2 0 2 2 2 1 2 1 2 2 0 2 2 2 2 0 2 0 0 0 0 1 1 0 2 2 2 2 2 2 2 2 2 2 2 1 2 2 2 2 2 2 2 2 2 2 2 2 2 2 2 2 2 2 2 2 2 
2 2 1 0 1 1 1 1 1 1 0 1 1 1 2 2 2 2 2 2 0 2 2 0 0 0 1 1 1 1 1 1 1 1 1 0 0 2 2 2 2 2 2 2 2 2 2 2 2 0 0 0 1 0 0 0 0 1 1 1 2 2 2 2 2 2 0 0 0 0 0 0 0 2 2 2 2 2 2 2 2 2 2 2 2 0 1 1 0 2 2 2 2 2 2 0 0 0 0 0 0 2 0 0 0 0 2 0 0 2 2 2 2 2 2 2 2 0 0 2 0 1 1 2 2 0 2 2 2 2 2 2 2 2 2 0 0 2 2 2 2 0 0 0 0 0 0 0 0 2 2 2 0 0 0 2 2 
2 2 2 1 1 0 1 1 1 1 2 0 1 1 1 2 2 2 2 2 2 2 2 0 0 0 1 1 1 1 1 1 1 1 1 0 0 2 2 2 2 2 2 1 2 2 2 2 2 2 2 2 2 2 0 2 2 2 2 2 2 2 2 2 2 2 0 0 0 0 0 0 2 2 2 2 2 2 2 2 2 2 2 2 2 2 2 2 0 2 2 2 2 2 2 0 0 0 0 0 0 0 2 2 2 2 2 0 0 0 0 0 0 0 0 0 0 0 0 2 0 1 0 2 0 0 2 0 0 0 2 2 0 0 0 0 0 2 2 0 2 0 0 0 2 1 0 2 0 2 0 2 0 0 0 2 1 
0 0 0 2 1 1 1 1 1 2 2 2 0 2 0 2 2 2 2 2 2 1 0 2 2 0 1 1 1 1 1 1 1 1 1 1 2 0 2 2 2 2 2 1 1 1 2 2 2 2 2 2 2 2 2 2 2 2 2 2 2 2 2 2 2 0 0 0 0 0 0 2 2 2 2 2 2 2 2 2 2 2 2 2 2 2 2 2 0 0 0 2 2 2 2 2 2 0 0 0 2 0 0 0 0 0 2 2 1 1 1 2 0 0 0 0 0 0 0 2 1 1 0 2 2 0 0 2 2 2 2 2 0 2 0 0 0 2 1 0 2 2 0 2 2 1 0 0 0 2 0 0 0 0 2 0 0 
1 1 1 1 2 1 1 1 2 2 2 2 2 2 2 2 2 2 2 2 2 2 0 2 2 0 0 1 1 1 1 1 1 1 1 0 2 0 2 2 2 2 2 1 1 2 2 2 2 2 2 2 2 2 2 2 2 2 2 2 2 2 2 2 2 2 2 2 0 0 0 2 2 2 2 2 2 2 2 2 2 2 2 2 0 0 2 0 2 0 2 2 2 2 2 2 2 2 1 1 2 2 2 0 2 0 2 1 1 2 2 0 2 2 2 0 0 2 2 0 1 1 0 2 2 0 0 2 2 2 2 2 2 0 2 2 2 2 2 2 1 2 2 2 2 0 0 0 2 2 0 0 0 0 0 0 0 
1 1 1 1 1 2 1 2 2 2 2 2 0 2 0 2 1 2 2 2 2 2 1 0 2 0 0 1 1 1 1 1 1 0 0 0 0 0 2 2 2 2 2 2 2 2 2 2 2 2 2 2 2 2 2 2 2 2 2 2 2 2 2 2 2 2 2 2 2 2 2 2 2 2 2 2 2 2 2 2 2 2 1 2 0 2 2 2 2 2 2 2 2 2 2 2 2 2 2 2 2 2 2 0 2 0 0 1 1 1 1 2 0 2 0 2 2 2 0 0 1 1 2 2 0 2 0 2 2 2 2 2 2 2 0 0 0 2 0 0 2 2 2 2 2 0 0 0 2 2 0 0 0 0 0 0 0 
0 1 1 1 0 1 2 2 2 2 2 0 2 0 0 0 1 1 2 2 2 2 2 1 2 2 0 0 1 1 1 1 0 0 0 0 0 0 2 2 2 2 2 2 2 2 2 2 2 2 2 2 2 2 2 2 1 2 2 2 2 2 2 2 2 2 2 2 2 2 2 2 2 2 1 2 2 2 2 2 2 2 2 2 2 2 2 2 0 2 2 2 2 2 2 2 2 2 2 2 2 0 0 0 0 0 0 1 1 1 0 2 0 2 0 2 2 2 2 0 0 0 2 2 0 0 2 2 0 0 2 2 2 2 2 0 0 0 2 0 2 2 2 2 2 2 2 2 2 2 0 0 0 0 0 0 1 
1 1 1 1 1 1 1 2 2 2 2 2 0 0 0 1 2 1 2 2 2 2 2 2 1 0 2 0 0 0 0 0 1 0 0 0 0 2 0 2 2 2 2 2 2 2 2 2 2 2 2 2 2 2 2 1 0 2 0 2 2 2 2 2 2 2 2 2 2 2 2 2 2 2 1 1 1 2 2 2 2 2 2 2 2 0 2 2 2 2 2 2 2 2 2 2 2 2 2 2 2 2 1 0 0 2 0 1 1 1 0 0 0 0 0 0 0 0 2 0 0 0 2 0 2 2 0 2 1 0 2 2 2 2 2 2 2 0 2 1 2 2 2 0 1 2 0 2 1 2 0 0 0 0 0 0 2 
1 1 1 1 1 1 1 1 2 2 2 2 0 2 2 0 0 1 1 2 2 2 2 2 2 0 2 2 0 0 0 0 1 0 0 0 0 2 0 2 2 2 2 2 2 2 2 2 2 2 2 2 2 2 0 0 0 0 0 2 2 2 2 2 2 2 2 2 2 2 2 2 2 2 1 1 2 2 2 2 2 2 2 2 0 0 2 2 2 1 2 2 2 2 0 2 2 0 2 2 2 2 2 2 2 2 2 2 2 2 2 2 2 2 2 2 2 2 2 2 2 2 2 2 2 0 0 0 2 0 2 2 1 2 2 2 0 0 2 1 2 1 2 0 0 2 2 2 1 2 0 1 0 2 2 2 2 
1 1 1 1 1 1 1 0 0 2 2 0 0 2 0 0 1 0 1 1 2 2 2 2 2 2 2 2 0 0 0 0 0 0 0 0 0 0 0 2 2 2 2 1 2 2 2 2 2 2 2 2 2 0 2 2 2 2 2 2 2 2 2 2 2 2 2 2 2 2 2 2 2 2 2 2 2 2 2 2 2 2 2 2 0 0 0 2 2 2 2 0 2 2 2 2 2 2 2 2 2 2 2 2 2 2 2 2 2 2 0 2 2 0 0 0 0 0 2 0 0 2 2 2 0 0 2 2 2 2 2 1 1 1 2 2 0 0 2 0 2 2 2 0 0 2 2 2 2 2 2 0 0 0 0 0 1 
1 0 0 1 1 1 1 0 2 0 2 2 0 0 1 2 2 0 0 1 1 2 2 2 2 2 1 0 2 0 0 0 0 0 0 0 0 0 2 2 2 2 1 1 2 2 2 2 2 2 2 2 2 2 1 0 2 2 2 2 2 2 2 2 2 2 2 2 2 2 2 2 2 2 2 2 2 2 2 2 2 2 2 2 0 2 0 2 2 2 0 0 2 2 2 2 2 2 2 2 2 0 2 0 0 2 2 2 2 0 0 0 2 2 2 0 0 2 0 0 2 2 2 2 1 2 0 2 2 2 1 1 1 1 1 2 0 0 2 0 2 1 2 1 1 0 2 2 2 2 2 0 0 0 0 1 1 
0 1 1 1 1 1 0 2 2 2 2 2 0 0 2 0 0 2 2 0 1 2 2 2 2 2 2 1 2 2 0 0 0 0 0 0 0 2 2 2 2 2 2 2 2 2 2 2 2 2 2 2 1 0 2 2 2 2 2 2 2 2 2 2 2 2 2 2 2 2 2 2 2 2 2 2 2 1 2 2 2 2 2 2 0 0 2 2 1 2 0 0 2 2 2 2 2 2 2 2 2 2 2 2 2 2 2 2 2 2 0 2 2 2 0 2 2 2 0 0 0 2 0 1 1 0 2 0 2 2 2 2 1 1 2 2 1 2 2 2 2 2 2 2 0 0 1 2 1 2 0 0 0 0 0 0 0 
2 0 1 0 1 0 2 2 2 0 2 2 2 2 2 0 0 0 2 2 2 1 2 2 2 2 2 2 0 2 0 0 0 0 0 0 0 0 2 2 2 2 2 2 2 2 2 2 2 2 2 0 0 1 0 2 2 0 0 2 2 2 2 2 2 0 2 2 2 2 2 2 2 2 2 2 2 1 1 1 1 1 2 2 2 0 1 0 2 2 0 0 2 2 2 2 2 2 2 2 2 2 2 2 2 2 2 2 2 2 2 0 0 0 0 2 2 2 0 0 2 0 0 2 2 0 1 0 2 2 0 2 2 2 2 2 0 2 0 2 2 2 2 2 2 2 2 2 2 2 2 2 2 2 2 0 0 
2 2 0 1 0 2 0 0 0 0 2 2 2 2 2 2 0 2 0 2 1 1 1 2 2 2 2 2 1 0 2 0 0 0 0 0 0 2 2 0 2 2 2 2 2 2 0 2 2 2 2 0 1 1 1 2 2 0 2 2 2 2 2 2 2 2 2 2 2 2 2 2 2 2 2 1 2 1 1 2 2 2 2 2 2 0 2 0 1 2 2 2 0 2 2 2 2 2 2 2 2 2 0 2 2 2 2 2 2 2 2 0 2 2 0 0 0 0 0 0 2 2 2 0 1 2 2 2 2 2 2 2 2 2 2 0 0 0 2 0 0 1 2 0 0 2 0 2 2 2 1 2 2 2 2 2 1 
1 0 2 2 2 0 0 0 2 2 0 0 2 2 2 0 2 0 2 0 0 0 0 2 2 2 2 2 2 0 2 2 0 0 0 2 2 0 0 2 0 2 2 2 2 2 1 2 2 2 2 1 1 1 0 0 2 2 2 2 2 2 2 2 2 2 2 0 0 2 2 2 2 2 2 1 2 2 2 2 2 2 2 2 2 2 0 2 0 2 2 2 0 2 2 2 2 2 2 2 2 2 0 0 2 2 2 2 2 2 2 0 2 0 0 0 0 0 0 0 2 0 0 1 1 1 2 2 2 2 1 1 1 1 2 0 0 0 2 1 0 2 2 0 0 2 0 2 2 2 2 0 0 2 2 2 2 
1 1 0 2 2 2 0 2 0 2 2 0 0 0 0 2 0 0 2 2 2 2 2 1 2 2 2 2 2 1 0 2 0 2 2 0 0 2 2 2 0 0 2 2 1 0 1 2 1 2 1 0 1 0 2 1 2 2 0 2 2 2 2 2 2 2 2 0 0 2 0 2 0 2 1 1 2 2 2 2 2 2 2 2 2 2 0 0 0 2 2 2 2 0 2 2 2 2 2 2 2 2 2 2 2 2 2 2 2 2 2 0 0 0 0 0 2 0 0 2 0 1 0 1 1 2 1 0 0 0 1 1 1 1 2 0 0 0 2 0 2 2 1 2 2 2 2 2 2 2 2 0 0 0 0 0 0 
1 1 2 1 2 2 2 0 2 1 2 2 2 2 0 0 2 2 2 2 2 2 1 1 1 2 2 2 2 2 2 2 2 2 0 0 1 2 2 2 2 0 0 2 2 0 0 2 2 1 2 1 0 2 0 2 0 2 2 2 2 2 2 2 2 2 2 2 2 2 0 2 2 2 2 2 2 2 2 2 2 2 2 2 2 2 2 0 0 0 0 1 2 0 2 2 2 2 2 2 0 2 2 2 2 2 0 2 2 2 2 2 2 2 2 2 2 0 0 2 2 1 1 2 1 0 1 0 0 2 2 0 0 2 2 2 2 2 2 0 2 0 2 2 0 2 0 2 2 1 2 0 0 2 0 0 0 
1 2 1 1 1 2 2 2 2 2 1 2 2 0 0 0 2 2 2 0 0 0 0 2 1 2 2 2 2 2 1 0 2 0 0 1 0 2 2 2 2 2 0 0 2 2 0 0 0 2 2 2 0 0 0 0 2 0 0 0 0 2 2 2 2 2 2 2 2 2 2 2 2 2 2 2 2 2 2 2 2 2 2 2 2 2 2 1 2 0 0 2 2 2 0 2 2 2 2 0 2 2 2 1 1 1 2 2 0 0 2 0 0 0 0 2 2 0 0 2 0 1 1 1 1 2 2 0 0 2 2 0 0 0 2 0 0 0 2 0 0 0 2 0 0 2 0 0 2 2 2 1 0 2 0 0 2 
2 2 1 1 1 1 2 2 2 0 2 0 0 2 0 2 2 2 0 0 0 1 2 0 1 2 2 2 2 2 2 2 2 0 1 2 2 2 2 2 2 2 2 0 0 2 2 0 0 2 2 0 2 1 0 2 1 1 2 1 2 2 2 2 2 2 2 2 2 2 2 2 2 2 0 0 2 2 2 2 2 2 2 2 2 2 1 2 0 0 0 0 2 2 2 2 2 2 2 2 2 2 1 1 1 1 2 0 0 1 2 0 0 0 0 2 0 0 0 2 2 1 1 2 1 1 2 2 0 2 2 0 0 0 0 1 0 2 2 2 2 2 2 2 2 2 2 2 2 2 0 2 0 0 2 2 2 
2 2 1 1 1 1 1 2 2 2 0 0 2 0 2 1 1 2 2 2 0 2 0 1 1 1 2 2 2 2 2 0 2 0 0 1 0 0 0 2 2 2 0 2 1 0 2 2 2 0 0 0 0 2 1 1 2 1 2 2 2 0 2 2 2 2 2 2 2 2 2 2 2 0 0 0 2 2 2 2 2 2 2 2 2 2 2 2 2 2 2 2 2 2 2 0 0 0 0 2 2 2 2 1 1 1 1 0 0 0 2 0 0 0 1 2 0 0 0 2 2 1 1 2 2 1 2 2 2 2 2 2 2 2 2 0 2 0 2 2 2 0 2 1 2 2 0 0 2 0 2 2 2 2 2 2 2 
1 1 2 1 1 1 2 1 2 2 2 0 2 1 1 0 1 1 2 0 2 2 2 0 1 1 2 2 2 2 2 1 0 2 0 1 2 0 0 0 0 0 0 0 1 1 0 0 2 2 0 0 0 0 0 2 0 0 0 0 2 2 2 2 2 2 2 2 2 1 2 2 2 2 0 0 2 2 2 2 2 2 2 2 2 2 2 0 2 0 0 2 2 2 1 1 2 2 0 0 2 2 2 2 2 2 2 2 2 2 2 2 2 2 2 2 0 0 0 2 1 1 2 2 2 1 2 1 2 0 0 2 0 1 2 2 0 0 2 0 1 2 0 0 0 0 0 2 2 2 2 2 2 2 2 2 2 
1 1 2 2 1 1 2 2 2 2 2 1 1 0 1 1 1 1 2 2 2 2 0 0 2 1 1 2 2 2 2 1 2 2 0 2 2 2 0 0 0 0 2 1 1 0 1 0 0 2 2 2 0 1 1 2 2 2 2 2 2 2 2 2 2 2 2 0 2 2 2 2 2 2 1 1 2 0 2 2 2 2 2 2 1 1 1 2 2 0 0 0 2 2 1 1 2 0 2 0 1 2 1 2 2 0 0 0 0 2 2 2 0 2 2 2 0 0 0 2 0 0 2 2 1 1 2 1 2 0 0 2 0 0 2 2 1 1 2 0 0 2 0 0 0 2 2 2 0 2 2 2 2 2 2 2 2 
2 0 0 0 2 2 0 0 2 2 2 1 1 1 1 1 1 1 2 2 2 2 0 0 0 1 1 2 2 2 2 2 1 2 0 2 2 2 0 0 0 2 1 1 1 1 1 0 1 0 2 2 0 0 2 2 2 2 2 2 2 2 2 2 2 2 2 2 2 1 1 1 0 1 0 2 2 2 2 2 2 2 2 1 1 2 2 2 2 0 0 0 2 2 1 1 2 0 0 0 0 1 2 1 2 0 0 0 0 0 2 0 0 0 2 0 0 0 2 2 2 0 0 0 2 2 2 2 0 2 2 2 0 2 2 2 0 2 2 2 0 2 0 0 2 2 0 2 2 2 2 2 2 2 2 2 2 
1 2 1 0 2 2 2 2 2 1 2 1 1 0 1 1 1 1 2 2 0 0 0 0 1 1 1 2 2 2 2 2 1 2 0 0 2 2 0 0 1 1 1 1 1 1 1 1 0 1 0 2 2 0 2 2 2 2 2 2 2 2 2 2 2 2 2 2 2 2 2 2 1 1 1 2 2 0 2 2 2 2 2 1 2 2 2 2 2 0 0 1 2 2 1 1 1 0 0 0 2 0 2 1 2 2 0 0 0 0 2 0 2 2 2 0 0 0 2 2 2 2 2 0 2 2 0 2 2 2 2 2 0 0 2 2 0 0 2 2 0 2 2 2 2 2 2 2 2 2 2 2 2 2 2 2 2 
1 1 2 0 0 2 1 1 1 1 2 0 1 1 1 1 1 2 2 2 0 0 0 0 0 2 1 1 2 2 2 2 1 0 2 0 2 1 1 1 1 1 1 1 1 1 1 0 1 1 1 0 2 2 2 2 2 2 2 2 2 2 2 2 2 2 2 2 2 2 1 1 2 1 1 2 2 0 0 2 0 2 2 2 2 2 2 2 2 2 2 0 2 2 2 2 2 1 2 2 2 2 2 2 2 2 2 2 0 0 2 0 1 1 2 0 0 0 2 2 2 0 0 0 2 2 2 2 0 2 0 2 2 0 2 0 2 2 0 0 2 2 2 2 2 2 2 2 2 2 2 2 2 2 2 2 2 
1 1 0 0 2 2 2 1 1 1 2 0 0 1 1 1 1 1 2 2 2 2 2 0 0 0 1 1 2 2 2 2 1 0 2 1 1 1 2 1 0 0 1 1 1 1 1 1 0 1 0 0 0 2 2 2 2 2 2 2 2 2 2 2 2 2 2 2 2 2 2 1 1 1 1 2 1 2 0 2 2 0 2 2 2 2 2 2 0 0 0 0 1 2 2 2 2 2 2 1 1 2 2 2 2 2 2 2 2 2 2 2 2 2 2 0 0 0 2 2 2 2 2 2 2 2 2 2 0 2 1 0 2 0 2 0 0 0 0 2 2 0 2 2 2 2 2 2 2 2 2 2 2 2 2 2 2 
2 1 0 0 2 0 2 1 1 1 2 2 1 1 1 1 1 1 2 0 0 0 0 1 2 1 1 1 2 2 2 2 1 2 2 0 0 1 1 1 1 1 1 1 0 1 1 0 1 1 1 0 1 0 2 2 0 2 2 2 2 2 0 0 2 2 2 2 2 2 2 1 1 1 1 2 2 1 1 0 0 1 2 2 0 2 2 2 0 0 0 0 2 2 2 2 2 2 2 1 0 0 0 2 2 0 2 2 1 1 2 2 2 1 0 2 2 2 2 2 0 0 0 0 1 2 0 0 2 2 2 0 2 2 2 0 0 2 2 2 2 2 2 2 2 2 2 2 2 2 2 2 2 2 2 2 2 
2 0 0 0 0 0 2 1 1 1 2 2 1 0 0 0 1 0 2 2 0 0 0 2 0 2 1 1 2 2 2 2 1 0 2 0 1 0 1 1 1 1 1 1 1 0 1 0 0 1 0 0 1 2 0 2 2 2 2 2 2 2 2 2 2 2 2 2 2 2 2 1 2 2 2 2 0 2 0 0 0 1 0 1 0 2 2 2 0 0 0 0 2 2 2 0 0 0 2 0 0 0 0 2 1 0 0 0 0 1 2 1 0 2 2 2 0 2 2 2 0 0 0 2 1 2 2 0 0 2 0 2 0 0 0 2 2 2 2 2 2 2 2 2 2 2 2 2 2 2 2 2 2 2 2 2 2 
2 2 0 0 0 2 2 1 1 1 2 2 1 1 1 1 1 1 2 2 0 0 0 0 0 2 0 1 2 2 2 2 1 1 2 0 1 1 1 1 1 0 1 1 1 1 1 1 0 0 0 0 2 2 0 2 2 2 2 2 2 2 0 2 2 2 2 2 2 2 2 1 0 0 2 2 2 2 2 1 0 1 1 1 0 0 2 2 0 0 0 0 2 2 2 0 0 0 0 0 0 0 1 2 0 2 2 2 0 2 2 0 2 2 0 2 0 2 2 0 0 0 2 2 0 0 0 2 2 0 0 0 2 2 2 2 0 2 2 1 2 2 2 2 2 2 2 2 2 2 2 2 2 2 2 2 1 
2 0 2 0 0 0 2 0 0 0 2 2 0 0 0 0 0 0 2 0 0 0 0 0 0 1 0 0 1 2 2 2 2 1 0 2 1 1 0 1 1 1 1 1 0 0 1 0 0 0 0 2 2 2 2 0 2 2 2 2 2 2 2 2 2 2 2 2 2 2 2 0 0 0 2 2 2 2 2 2 2 2 0 1 0 2 2 2 2 2 2 2 1 2 2 0 2 2 0 2 2 2 2 2 2 2 2 2 2 1 0 2 2 2 0 1 0 2 2 2 2 0 2 2 2 2 0 0 0 2 2 2 2 0 2 2 2 2 2 2 2 2 2 2 2 2 2 2 2 2 2 2 2 2 2 2 2 
1 2 0 0 1 1 1 2 0 0 2 0 0 0 0 0 2 2 2 0 2 0 0 0 2 2 2 0 1 2 2 2 2 1 0 2 1 1 1 1 1 1 0 1 1 1 1 0 1 0 2 0 0 2 2 2 0 2 2 2 2 2 1 2 0 2 2 2 2 2 2 2 2 2 2 2 2 2 2 2 2 2 2 2 2 2 2 2 2 2 2 2 2 2 0 0 0 0 0 0 0 0 0 0 0 0 2 2 2 2 2 2 2 0 0 1 2 2 0 0 0 0 0 0 0 0 2 2 2 2 0 2 2 1 2 2 2 2 2 2 2 2 2 2 2 2 2 2 2 2 2 2 2 2 2 2 2 
0 0 0 2 0 0 2 0 2 0 2 2 2 0 2 0 0 2 2 2 2 2 0 0 2 2 0 1 1 2 2 2 2 1 2 2 0 0 1 1 1 0 1 1 1 1 1 0 0 2 2 2 0 2 2 2 2 2 2 2 2 2 2 2 2 2 2 2 2 2 0 0 0 2 0 0 0 0 0 0 0 0 0 0 0 0 0 2 2 2 2 2 2 2 2 2 2 2 2 2 2 2 2 2 2 2 2 2 2 2 2 2 2 2 2 2 2 2 2 2 2 2 2 2 2 2 2 0 2 2 2 2 2 2 2 2 2 2 2 2 2 2 2 2 2 2 2 2 2 2 2 2 2 2 2 2 2 
1 2 0 0 0 2 2 2 2 0 2 0 0 2 0 0 0 2 2 0 2 0 0 0 0 0 0 0 1 2 2 2 2 1 0 2 0 1 0 1 1 1 1 1 1 0 1 1 1 2 2 2 2 2 2 2 2 0 0 0 0 2 2 2 2 2 0 0 0 0 2 0 0 2 0 0 0 0 0 0 2 2 2 2 2 2 2 2 2 2 2 2 2 2 0 0 0 0 2 0 2 0 0 0 0 0 0 0 2 2 2 2 2 2 2 2 2 2 2 2 2 2 2 2 2 2 0 2 2 2 2 2 2 2 2 2 2 2 2 2 2 2 2 2 2 2 2 2 2 2 2 2 2 2 2 2 2 
1 0 2 2 0 2 1 0 1 1 2 2 2 0 1 2 2 0 0 0 2 2 2 0 2 2 0 0 1 1 2 2 1 1 1 2 2 1 1 1 1 0 0 1 1 1 1 1 1 2 2 2 2 2 2 2 2 0 0 1 1 1 1 1 1 0 0 0 0 2 2 2 0 2 0 0 0 0 0 0 0 2 1 2 2 2 2 2 2 1 2 2 2 2 2 1 1 2 0 2 2 2 0 1 0 2 0 2 2 0 2 0 0 0 2 2 0 2 0 0 0 2 0 2 0 2 2 2 2 2 2 2 2 2 2 2 2 2 2 2 2 2 2 2 2 2 2 2 2 2 2 2 2 2 2 2 2 
1 2 1 1 2 0 0 0 1 2 2 2 2 1 0 2 0 0 0 2 1 2 0 2 2 0 2 2 1 1 2 2 2 1 1 0 2 1 1 1 1 1 1 1 1 0 1 1 1 1 1 2 2 2 2 0 2 0 1 1 1 1 1 1 0 0 0 0 0 0 2 0 0 2 0 0 0 0 0 1 0 0 0 2 2 2 2 2 2 2 2 2 2 1 1 2 1 2 0 2 2 2 2 0 2 2 2 1 2 2 2 1 1 0 2 0 0 2 0 0 0 2 2 2 2 2 2 2 2 2 2 2 2 2 2 2 2 2 2 2 2 2 2 2 2 2 2 2 2 2 2 2 2 2 2 2 2 
1 2 1 2 0 0 2 1 1 2 1 2 0 0 0 0 0 0 0 2 2 0 0 2 0 0 0 0 1 1 2 2 2 2 1 2 2 1 1 1 1 1 1 0 1 1 1 1 0 0 2 1 2 2 2 0 2 0 1 1 2 2 1 0 0 0 0 0 2 0 2 2 0 2 0 0 0 0 0 0 0 1 1 0 0 2 1 2 2 1 2 2 2 2 2 1 2 2 0 2 0 2 0 1 2 2 2 1 2 2 0 0 0 0 2 0 2 2 2 2 0 2 2 2 2 2 2 2 2 2 2 2 2 2 2 2 2 2 2 2 2 2 2 2 2 2 2 2 2 2 2 2 2 2 2 2 2 
1 1 2 0 0 2 2 2 1 1 1 2 2 0 2 2 2 2 0 2 0 2 0 0 0 2 0 0 2 1 2 2 2 2 1 2 2 0 1 1 1 1 0 1 1 1 1 1 1 1 2 2 2 2 2 0 2 0 1 2 2 2 1 1 1 2 0 0 2 0 2 2 2 2 0 0 0 0 0 0 1 1 1 1 0 2 2 2 2 2 2 2 2 2 2 2 2 2 0 0 0 2 2 2 2 2 2 2 2 2 2 2 2 2 0 0 2 2 0 2 2 2 2 2 2 2 2 2 2 2 2 2 2 2 2 2 2 2 2 2 2 2 2 2 2 2 2 2 2 2 2 2 2 2 2 2 2 
1 1 1 1 0 2 0 2 1 1 2 1 2 2 0 0 0 0 0 2 2 2 2 0 2 2 0 0 0 0 1 2 2 2 1 1 2 0 1 1 1 2 1 1 1 1 1 1 1 2 0 1 1 1 2 0 2 2 2 2 2 2 2 2 2 0 2 2 2 2 2 2 2 2 2 2 2 2 2 2 2 2 1 1 0 0 0 0 0 0 2 2 2 2 2 2 2 2 2 2 2 2 2 2 2 2 2 2 2 2 2 2 2 2 0 0 0 0 2 2 2 2 2 2 2 2 2 2 2 2 2 2 2 2 2 2 2 2 2 2 2 2 2 2 2 2 2 2 2 2 2 2 2 2 2 2 2 
1 1 1 1 0 1 2 2 2 1 2 1 1 2 2 0 0 0 0 1 2 0 2 2 2 0 2 0 0 2 1 2 2 2 1 1 0 2 0 1 1 1 1 1 0 1 1 1 1 2 1 0 1 1 2 2 0 1 2 2 0 0 0 2 2 0 2 2 2 0 1 1 1 2 0 1 1 1 1 2 1 1 1 1 1 1 1 1 2 0 2 2 2 2 1 2 2 2 0 2 2 2 2 2 2 2 2 2 2 2 2 2 2 2 2 0 0 2 2 0 2 2 2 2 2 2 2 2 2 2 2 2 2 2 2 2 2 2 2 2 2 2 2 2 2 2 2 2 2 2 2 2 2 2 2 2 2 
2 1 1 1 0 1 0 2 2 1 1 1 1 2 2 2 0 0 0 0 0 2 0 2 2 0 2 0 2 0 1 2 2 2 2 1 0 2 0 1 1 1 1 1 1 1 1 0 1 1 0 1 1 2 1 2 0 1 1 2 0 0 0 2 2 0 1 1 1 0 0 0 0 2 0 0 0 1 1 2 1 1 1 1 1 1 1 1 2 0 2 2 2 2 2 2 2 2 0 2 2 2 2 2 2 2 2 2 2 2 2 2 2 2 2 0 2 2 0 2 0 2 2 2 2 2 2 2 2 2 2 2 2 2 2 2 2 2 2 2 2 2 2 2 2 2 2 2 2 2 2 2 2 2 2 2 2 
1 1 2 0 1 0 0 0 0 1 1 1 2 2 0 2 0 2 2 0 0 0 0 0 2 0 2 2 0 0 1 1 2 2 2 1 0 2 2 0 1 1 1 1 1 1 1 1 1 1 1 0 1 2 1 2 0 0 0 0 2 0 0 0 2 0 0 0 0 0 0 0 0 2 0 1 1 1 1 2 1 1 1 1 1 1 1 1 2 0 2 2 2 1 2 1 1 2 0 0 0 0 0 2 0 0 0 1 0 0 1 0 2 2 1 0 1 2 2 0 2 2 2 2 2 2 2 2 2 2 2 2 2 2 2 2 2 2 2 2 2 2 2 2 2 2 2 2 2 2 2 1 2 2 2 2 2 
1 1 1 1 2 0 0 0 0 0 1 2 1 0 2 0 2 0 2 0 2 2 2 1 2 0 0 0 0 0 1 1 2 2 2 1 1 0 0 2 0 0 1 0 1 1 0 1 1 1 1 1 1 1 0 2 0 1 0 0 0 0 0 0 2 0 0 0 0 0 0 0 0 2 0 0 0 0 0 2 1 1 1 1 1 1 1 1 2 0 2 2 2 2 2 1 2 2 0 1 0 0 2 2 0 2 0 2 0 2 2 2 1 2 2 2 2 2 2 2 2 2 2 2 2 2 2 2 2 2 2 2 2 2 2 2 2 2 2 2 2 2 2 2 2 2 2 2 2 2 2 2 2 2 2 2 2 
1 1 1 1 1 2 0 2 0 2 2 0 0 0 1 1 0 2 0 0 2 0 2 2 2 0 0 2 0 0 1 1 2 2 2 2 1 1 0 2 2 2 0 0 1 1 1 1 1 1 1 1 0 0 0 2 0 1 2 1 1 0 0 0 0 0 0 0 0 0 0 0 0 0 0 0 0 0 0 0 0 0 0 1 0 0 0 0 0 0 2 2 2 2 2 2 2 2 0 2 0 0 2 2 2 2 2 2 0 2 2 2 2 2 2 2 0 2 2 2 2 0 2 2 2 2 2 2 2 2 2 2 2 2 2 2 2 2 2 2 2 2 2 2 2 2 2 2 2 2 2 2 2 2 2 2 2 
1 1 1 1 1 1 2 2 0 2 0 0 0 1 1 1 1 0 2 0 0 0 2 0 1 2 0 0 0 0 0 1 1 2 2 2 2 1 1 1 0 0 2 2 2 2 0 2 0 0 0 1 1 0 2 2 0 1 2 1 1 2 1 1 0 0 0 0 0 0 0 0 0 0 1 1 1 1 1 1 1 1 0 0 0 0 0 0 0 0 0 2 2 2 2 1 1 2 0 2 2 2 1 1 2 2 2 2 2 2 2 2 2 2 1 2 0 0 2 2 2 2 0 2 2 2 2 2 2 2 2 2 2 2 2 2 2 2 2 2 2 2 2 2 2 2 2 2 2 2 2 2 2 2 2 2 2 
1 1 1 1 1 1 1 1 2 2 2 0 2 1 2 1 1 1 2 2 0 2 0 2 1 2 2 0 0 0 0 1 1 2 2 2 2 2 1 1 1 1 0 2 0 0 2 2 2 2 2 2 2 2 2 0 2 0 0 0 0 0 1 1 1 1 1 1 1 1 1 1 1 0 0 0 0 0 0 0 0 0 0 0 0 0 0 0 0 0 0 2 2 2 2 1 1 2 0 1 0 1 2 2 2 2 2 2 2 2 2 2 2 2 2 2 2 2 2 2 2 2 1 2 2 2 2 2 2 2 2 2 2 2 2 2 2 2 2 2 2 2 2 2 2 2 2 2 2 2 2 2 2 2 2 2 2 
0 1 1 1 1 1 1 1 1 2 2 0 2 1 1 2 2 1 1 0 2 0 1 1 2 1 0 2 0 0 0 0 1 1 2 1 1 2 2 2 1 1 1 0 0 1 1 1 0 0 2 0 0 0 0 0 0 0 0 0 0 0 0 0 0 1 1 1 1 1 0 0 0 0 0 0 0 0 0 0 0 0 0 0 0 0 0 0 0 0 0 2 2 2 2 1 2 2 0 1 1 2 0 2 2 2 2 2 2 2 2 2 2 2 2 2 2 2 0 2 2 2 2 2 2 0 2 2 2 2 2 2 2 2 2 2 2 2 2 2 2 2 2 2 2 2 2 2 2 2 2 2 2 2 2 2 2 
2 2 0 1 1 1 1 1 1 1 1 2 0 0 1 2 1 1 2 2 2 2 0 1 1 0 0 2 0 0 0 0 1 1 2 2 1 1 2 2 2 2 2 2 1 1 1 1 1 1 0 0 0 0 0 0 0 0 0 2 0 0 0 0 0 0 0 0 0 0 0 0 0 0 0 0 0 0 0 0 0 0 0 0 0 0 0 0 0 0 0 0 2 2 2 2 2 2 2 2 2 0 2 2 2 2 2 2 2 2 2 2 2 2 2 2 2 2 2 2 2 2 2 2 2 2 2 2 2 2 2 2 2 2 2 2 2 2 2 2 2 2 2 2 2 2 2 2 2 2 2 2 2 2 2 2 2 
2 2 2 2 0 1 1 1 1 1 1 1 1 2 0 2 1 2 2 1 1 2 2 0 0 0 0 0 1 1 1 1 0 1 1 2 2 1 1 1 2 2 2 2 2 2 2 2 2 2 2 2 2 2 2 2 0 0 2 0 0 0 0 0 0 0 0 0 0 0 0 0 0 0 0 0 0 0 0 0 0 0 0 0 0 0 0 0 0 0 0 0 2 2 2 2 2 2 2 2 2 2 2 2 2 2 2 2 2 2 2 2 2 2 2 2 2 2 0 0 2 2 2 2 2 2 2 2 2 2 2 2 2 2 2 2 2 2 2 2 2 2 2 2 2 2 2 2 2 2 2 2 2 2 2 2 2 
2 2 2 2 0 0 1 1 1 1 1 1 1 1 2 2 2 2 2 1 1 1 2 2 0 0 0 1 1 1 1 1 1 1 1 1 2 2 2 2 2 2 2 2 2 2 2 2 2 2 2 2 2 2 2 2 2 2 2 2 0 0 2 0 0 0 0 0 0 0 0 0 0 0 0 0 0 0 0 0 0 0 0 0 0 0 0 0 0 0 0 0 0 2 2 2 2 2 2 2 2 2 2 2 2 2 2 2 2 2 2 2 2 2 2 2 2 2 2 2 2 2 2 2 2 2 2 2 2 2 2 0 0 2 2 0 0 0 2 2 2 2 2 2 2 2 2 2 2 2 2 2 2 2 2 2 2 
2 2 2 2 2 2 0 0 1 1 1 1 1 1 1 1 1 2 1 1 2 2 0 2 2 0 0 1 1 1 1 1 1 1 1 1 1 2 2 2 2 2 2 2 1 1 1 1 1 1 1 1 1 1 1 1 1 2 2 2 2 2 0 0 0 0 0 0 0 0 0 0 0 0 0 0 0 0 0 0 0 0 0 0 0 0 0 0 0 0 0 0 0 2 1 1 1 0 0 2 2 2 2 2 2 2 1 2 2 2 2 2 2 2 2 2 2 2 2 0 0 2 2 2 2 2 2 2 2 2 2 2 2 2 0 0 2 2 2 2 2 2 2 2 2 2 2 2 2 2 2 2 2 2 2 2 2 
2 2 2 2 2 2 2 2 2 1 1 1 1 1 1 1 1 0 1 2 1 1 1 1 2 2 1 1 1 1 1 1 1 1 1 1 1 1 1 1 1 1 1 1 1 1 1 1 1 1 1 1 1 1 1 1 1 1 1 1 1 2 2 2 0 2 0 0 0 0 0 0 0 0 0 0 0 0 0 0 0 0 0 0 0 0 0 0 0 0 0 0 0 0 1 1 1 1 1 2 2 2 2 2 2 2 2 2 2 2 2 2 2 2 2 2 2 2 1 2 0 0 2 2 2 2 2 2 2 2 0 0 0 2 2 2 2 2 2 2 2 2 2 2 2 2 1 2 2 2 2 2 2 2 2 2 2 
2 2 2 2 2 2 2 2 2 1 0 1 1 1 1 1 1 1 0 2 1 1 1 1 2 2 2 1 1 1 1 1 1 1 0 1 1 1 1 1 1 1 1 1 1 1 1 1 1 1 1 1 1 1 1 1 1 1 1 1 1 1 1 2 2 0 0 0 0 0 0 0 0 0 0 0 0 0 0 0 0 0 0 0 0 0 0 0 0 0 0 2 0 1 2 1 1 1 1 2 2 2 2 2 2 2 2 2 2 2 2 2 2 2 2 2 2 2 2 2 2 2 2 2 2 2 2 2 2 2 2 2 0 2 2 2 2 2 2 1 2 2 2 2 2 2 2 2 2 2 2 2 2 2 2 2 2 
1 2 2 2 2 2 2 2 2 2 2 0 0 1 1 1 1 1 0 2 1 1 1 0 0 0 2 2 1 1 1 1 1 0 2 2 2 1 1 1 1 1 1 1 1 1 1 1 1 1 1 1 1 1 1 1 1 1 1 1 1 1 1 1 2 2 0 0 2 0 0 0 0 0 0 0 0 0 0 0 0 0 0 0 0 0 0 0 2 1 1 2 1 1 2 1 1 1 1 1 2 2 2 2 1 2 2 2 2 2 2 2 2 2 2 2 2 2 2 2 2 2 0 2 2 2 2 2 2 2 2 0 1 2 0 2 2 2 2 2 2 2 2 2 2 2 2 2 2 2 2 2 2 2 2 2 2 
1 2 2 2 2 2 2 2 2 2 2 2 2 1 1 2 0 0 0 2 1 1 0 2 2 1 1 2 2 1 0 1 1 1 2 2 2 2 2 2 2 2 2 1 1 1 1 1 1 1 1 1 1 1 1 1 1 1 1 1 1 1 1 1 2 2 0 0 0 2 0 0 0 0 0 0 0 0 0 0 0 0 0 0 0 0 1 2 1 1 1 0 2 0 1 2 1 1 1 1 2 2 2 2 2 2 2 2 2 2 2 2 2 2 2 2 1 2 2 2 2 2 0 0 2 2 2 2 2 2 2 2 2 2 2 0 2 2 2 2 2 2 2 2 2 2 2 2 2 2 1 2 2 2 2 2 2 
1 1 2 2 2 2 2 2 2 2 2 2 2 2 1 1 1 0 0 0 2 2 0 0 1 1 1 1 2 2 1 1 0 2 2 2 2 2 2 2 2 2 2 1 1 1 1 1 1 1 1 1 1 1 1 1 1 1 1 1 1 1 1 1 2 2 0 0 2 2 0 0 0 0 0 0 0 0 0 0 0 0 0 1 1 1 1 1 0 2 0 1 1 1 1 0 1 1 1 1 2 2 2 2 2 2 2 2 2 2 2 2 2 2 2 2 2 2 2 2 2 2 2 2 2 2 2 2 2 2 2 2 2 2 2 2 2 0 2 2 2 1 2 2 2 2 2 2 2 2 2 2 2 2 2 2 2 
2 1 2 2 2 1 1 1 2 2 2 2 2 2 2 2 1 1 0 2 0 0 0 1 1 1 1 1 1 2 0 1 1 2 2 2 2 2 2 2 2 2 2 1 1 1 1 1 1 1 1 1 1 1 1 1 1 1 1 1 1 1 1 1 2 2 2 0 2 1 1 0 2 2 2 2 2 2 2 0 1 1 1 1 1 0 2 0 1 1 1 1 1 1 1 0 2 1 2 2 2 2 1 2 2 2 2 2 2 2 2 2 2 2 2 2 2 2 2 2 2 2 2 0 0 2 2 2 2 2 2 2 2 2 2 2 2 2 0 2 2 2 2 2 2 2 2 2 2 2 2 2 2 2 2 2 2 
1 0 2 2 0 2 1 1 2 2 2 2 2 2 2 0 2 1 1 1 0 0 1 1 1 1 1 1 1 1 2 2 2 1 1 2 2 2 2 2 2 2 1 1 1 1 1 1 1 1 1 1 1 1 1 1 1 1 1 1 1 1 1 1 2 2 0 0 0 2 0 0 0 0 2 2 0 1 1 1 1 1 2 1 1 1 2 1 1 1 1 1 1 1 0 0 2 2 2 0 2 2 2 2 2 2 2 2 2 2 2 2 2 2 1 2 2 2 2 2 2 2 2 2 2 0 2 2 2 2 2 1 2 2 2 2 2 2 2 2 2 2 2 2 2 2 2 2 1 2 2 2 2 2 2 2 2 
0 0 0 2 0 2 2 1 2 2 2 2 2 2 2 0 0 2 2 1 1 1 1 1 1 1 1 1 1 1 1 2 2 0 1 1 1 1 1 1 1 1 1 1 1 1 1 1 1 1 1 1 1 1 1 1 1 1 1 1 1 1 1 1 2 2 2 2 0 0 0 0 1 0 0 2 1 1 1 2 1 2 1 1 1 1 1 1 1 1 1 1 1 1 0 0 0 1 2 2 2 2 2 2 2 2 2 2 2 2 2 2 2 2 2 2 2 2 2 2 2 2 2 2 0 1 2 2 2 2 2 2 1 0 2 2 2 2 2 2 2 0 2 2 2 2 2 2 2 2 2 1 1 2 2 2 2 
0 0 0 0 0 0 2 2 2 2 2 2 2 2 2 2 2 2 2 0 1 1 1 1 1 1 1 1 1 1 1 1 2 2 2 2 2 2 2 2 0 0 0 1 1 1 1 1 1 1 1 1 1 1 1 1 1 1 1 1 1 1 1 1 2 1 1 0 2 0 0 2 0 0 2 2 0 2 1 1 2 2 2 1 1 1 1 0 1 1 1 1 0 0 0 0 0 0 2 2 2 2 2 2 2 2 2 2 2 2 2 2 2 2 2 2 2 2 2 2 2 2 2 2 2 0 0 2 2 2 2 2 2 1 0 2 2 2 2 2 2 2 0 2 2 2 2 2 2 2 2 2 2 2 2 2 2 
0 0 0 0 0 0 2 2 2 2 2 2 2 2 2 2 2 2 2 2 2 1 1 1 1 1 1 1 1 1 1 2 1 1 1 1 2 2 2 2 2 2 0 1 1 1 1 1 1 1 1 1 1 1 1 1 1 1 1 1 1 1 1 1 2 1 1 0 2 0 0 2 2 1 1 0 2 0 2 1 1 2 2 1 1 1 1 2 0 2 2 0 0 0 0 0 0 0 2 2 2 2 2 2 2 2 2 2 2 2 2 2 1 2 2 2 2 2 2 2 2 2 2 2 2 2 1 0 2 1 2 2 2 1 2 2 2 2 2 2 1 2 2 2 2 2 2 2 2 2 2 2 2 2 0 0 2 
0 0 0 0 2 2 2 2 2 2 2 2 2 2 2 2 2 2 2 2 2 2 2 1 1 1 1 1 1 1 1 1 1 1 1 1 1 1 2 2 2 2 2 1 1 1 1 1 1 1 1 1 1 1 1 1 1 1 1 1 1 1 1 1 2 1 0 0 2 2 2 1 1 1 2 1 2 0 1 1 2 0 0 1 1 1 1 1 2 2 2 2 0 0 0 0 0 0 0 2 2 2 2 2 2 2 2 2 2 2 2 2 2 2 2 2 2 2 2 2 2 2 2 2 2 2 2 1 2 2 2 2 2 2 0 2 2 2 2 2 2 2 2 2 2 0 2 2 2 2 2 2 2 2 2 0 2 
2 2 2 0 2 2 2 2 2 2 2 2 2 2 2 2 2 2 2 2 2 2 1 1 1 1 1 1 1 1 2 1 1 1 1 1 1 1 2 2 2 2 2 1 1 2 1 1 1 1 1 1 1 1 1 1 1 1 1 1 1 1 1 2 2 1 0 0 0 1 2 0 1 1 2 2 2 0 0 1 0 0 0 2 1 1 1 1 1 0 0 0 0 0 0 0 0 0 0 0 0 2 2 2 2 2 2 2 2 2 2 2 2 2 2 2 2 2 2 2 2 2 2 2 2 2 2 1 1 2 2 2 2 2 0 2 2 2 2 2 1 2 2 2 2 2 0 2 2 2 2 2 2 1 2 1 1 
2 2 2 0 2 0 0 2 2 2 2 2 2 2 2 2 2 2 2 2 2 2 2 2 0 1 1 1 1 1 1 1 1 1 1 1 1 1 2 2 2 2 1 1 1 1 2 1 1 1 1 1 1 1 1 1 1 1 1 1 1 1 1 2 2 2 1 1 1 1 1 2 1 1 1 2 2 1 2 1 0 0 0 0 1 1 1 1 0 0 0 0 0 0 0 0 0 0 0 0 0 2 2 2 2 2 2 2 2 2 2 2 2 2 2 2 2 2 2 2 2 2 2 2 2 2 2 2 2 2 0 2 2 2 2 2 2 2 2 2 2 0 2 2 2 2 2 0 2 2 2 2 1 1 2 1 1 
2 2 0 1 1 1 2 2 2 2 2 2 2 2 2 2 2 2 2 2 2 2 2 0 0 0 0 1 1 1 1 1 1 1 1 1 1 1 1 1 1 1 1 1 2 2 2 2 1 1 1 1 1 1 1 1 1 1 1 1 1 1 1 2 2 2 1 2 1 1 1 1 1 2 2 2 2 1 1 2 1 0 0 0 2 1 1 0 0 0 0 0 0 0 0 0 0 0 0 0 0 0 2 2 2 2 2 2 2 2 2 2 2 2 2 2 2 2 2 2 2 2 2 2 2 2 2 2 1 1 2 2 2 2 2 2 0 2 2 2 2 2 2 2 2 2 0 2 1 2 2 1 1 1 2 2 1 
2 2 2 2 1 2 2 2 2 2 2 2 2 2 2 2 2 2 0 2 2 2 2 2 0 0 0 2 1 1 1 1 1 1 1 1 1 1 1 1 1 1 1 1 2 2 2 2 2 1 1 1 1 1 1 1 1 1 1 1 1 1 1 1 2 2 1 1 1 1 1 1 2 2 2 2 2 1 1 0 0 0 0 0 0 1 1 0 0 0 0 0 0 0 0 0 0 0 0 0 0 0 2 2 2 2 2 2 2 2 2 2 2 2 2 2 2 2 2 2 2 2 2 2 2 2 2 2 2 2 2 2 2 2 2 2 2 2 1 2 2 1 2 2 0 0 2 2 2 2 0 2 0 0 2 2 1 
2 2 1 2 2 2 2 2 2 2 2 2 2 2 1 2 1 2 2 2 2 2 2 2 2 2 2 1 1 1 1 1 1 1 1 1 1 1 1 1 1 1 1 2 2 2 2 2 2 2 2 1 1 1 1 1 1 1 1 1 1 1 1 1 2 2 1 1 1 2 1 1 1 0 1 1 1 1 1 1 2 0 0 0 2 2 2 2 0 0 0 0 0 0 0 0 0 0 0 0 0 0 0 2 2 2 2 2 2 2 2 2 2 2 2 2 2 2 2 2 2 2 0 2 2 2 2 2 2 2 1 1 0 2 0 0 2 2 2 2 1 1 0 2 2 2 2 2 2 0 0 0 2 2 0 0 2 
2 2 2 2 2 2 2 2 2 2 2 2 2 1 2 0 1 2 2 2 2 2 2 2 2 2 2 1 2 2 1 1 1 1 1 1 1 1 1 1 1 1 1 2 2 2 2 2 2 2 1 2 1 1 1 1 1 1 1 1 1 1 1 1 2 2 2 1 1 1 1 1 1 1 2 1 1 1 1 1 1 0 0 0 2 2 1 1 0 0 0 0 0 0 0 0 0 0 0 0 0 0 0 0 0 0 0 0 0 0 2 2 2 2 2 2 2 2 2 2 2 2 0 2 2 2 2 2 2 2 1 1 2 2 2 2 2 2 2 0 2 2 2 2 0 0 0 0 0 0 0 0 0 2 2 0 0 
2 2 2 1 2 2 2 2 2 2 2 2 2 1 2 2 1 2 2 2 0 2 2 2 2 2 1 0 2 2 1 1 1 1 1 1 1 1 1 1 2 2 2 2 2 2 2 2 2 2 2 1 2 0 1 1 1 1 2 1 1 1 1 1 2 2 2 1 0 1 2 1 2 1 1 0 1 1 1 1 1 1 2 2 2 2 1 1 1 0 0 0 0 0 0 0 0 0 0 0 0 0 0 0 0 0 0 0 0 0 0 2 2 0 0 0 0 0 2 2 2 2 2 0 2 2 2 2 2 2 2 1 1 2 2 2 2 2 2 2 2 0 2 0 0 0 0 0 0 0 0 0 0 0 2 2 0 
2 0 2 2 2 2 2 2 2 2 2 2 2 1 2 2 1 2 0 0 0 0 0 0 0 2 1 0 2 1 1 1 1 1 1 1 1 1 1 1 1 2 2 2 2 2 2 2 2 2 2 2 1 2 0 1 1 1 2 1 1 1 1 1 1 2 2 2 0 1 1 2 2 2 2 1 0 1 1 1 1 1 1 2 1 1 2 1 1 1 0 0 0 0 0 0 0 0 0 0 0 0 0 0 0 0 0 0 1 0 2 0 0 0 0 2 2 1 0 0 2 0 2 0 2 2 2 2 2 2 2 2 1 2 2 2 2 2 0 0 0 2 1 2 2 0 0 0 0 0 0 0 0 0 0 2 2 
0 2 2 2 2 2 2 2 2 2 2 2 1 2 2 0 0 0 0 0 0 0 0 0 0 1 1 2 2 2 2 1 1 1 1 1 1 1 1 1 2 2 2 2 2 2 2 2 2 2 2 2 2 1 2 1 1 1 1 1 1 1 1 1 1 1 2 2 1 1 1 1 1 2 2 1 1 1 1 1 1 1 1 0 0 1 1 2 1 1 0 0 0 0 0 0 0 0 0 0 0 0 0 0 0 0 0 2 2 0 2 0 0 2 2 1 1 2 2 0 0 0 2 0 2 0 0 0 0 0 2 2 1 1 2 2 2 2 0 0 2 1 2 0 0 0 2 2 0 0 0 0 0 1 1 0 2 
2 2 2 2 2 2 2 2 2 2 2 2 2 2 2 2 2 0 0 0 0 0 0 0 1 1 1 1 1 2 2 1 1 1 1 1 1 1 1 1 2 2 2 2 2 2 2 2 2 2 2 2 2 1 2 2 2 1 1 1 1 1 1 1 1 1 2 2 2 2 1 1 2 2 2 1 1 0 1 2 2 2 1 1 2 0 1 1 2 0 0 2 0 0 0 0 0 0 0 0 0 0 0 0 0 0 0 2 2 2 2 0 2 1 2 2 2 0 1 2 2 0 0 0 2 2 0 1 2 0 0 2 2 1 1 2 2 2 2 2 2 1 1 0 0 2 2 2 0 0 1 1 1 1 1 1 2 
2 2 2 2 2 2 2 2 2 2 2 2 2 2 2 2 2 2 0 0 0 0 0 0 1 1 1 1 1 2 2 1 2 1 1 1 1 1 1 2 2 2 2 2 2 2 2 2 2 2 2 2 2 1 2 2 1 2 0 0 0 1 0 1 1 1 1 2 2 2 1 1 1 1 2 1 1 0 1 2 2 2 2 2 1 0 2 0 0 0 0 0 0 0 0 0 0 0 0 0 0 0 0 0 0 0 2 2 1 1 2 2 1 0 2 2 2 1 1 0 1 2 2 2 2 2 1 1 0 1 1 0 2 2 1 2 2 2 2 2 2 1 1 0 0 2 2 2 0 0 1 1 1 1 1 2 2 
2 2 2 2 2 2 2 2 2 2 2 2 2 2 2 2 2 2 0 0 0 0 2 1 1 1 2 2 1 2 2 2 2 1 1 1 1 1 1 2 2 2 2 2 2 2 2 2 2 2 2 2 2 1 2 2 2 1 1 1 1 2 2 1 1 1 1 1 2 2 0 2 1 1 2 2 1 0 1 1 2 2 2 2 2 1 2 0 0 0 0 0 0 0 0 0 0 0 0 0 0 0 0 0 2 1 2 2 0 2 2 1 2 2 2 1 2 1 1 2 2 2 1 0 0 0 2 2 2 2 2 0 2 2 1 1 1 0 2 2 1 0 2 2 0 0 2 2 0 0 1 0 2 2 2 2 2 
2 2 2 0 0 2 2 2 2 2 2 1 1 2 2 2 2 2 0 0 0 2 2 1 1 1 2 2 2 2 2 2 2 2 2 2 2 2 2 2 2 2 2 2 2 2 2 2 2 2 2 2 2 2 2 2 2 2 2 1 1 1 1 1 1 1 1 1 2 1 2 0 1 2 2 2 1 1 1 1 1 1 1 1 2 2 1 2 0 0 0 0 0 0 0 0 0 0 0 0 0 0 0 2 1 1 2 0 2 2 2 1 2 2 1 2 1 1 2 1 2 0 0 1 1 2 2 2 2 2 1 2 2 2 2 1 1 1 2 1 0 1 1 1 2 1 2 2 2 1 0 0 0 2 2 2 2 
1 2 1 2 2 0 0 2 2 2 2 2 1 2 2 2 2 0 0 2 2 2 2 1 1 1 2 2 0 2 2 2 2 2 2 2 2 2 2 2 2 2 2 2 2 2 2 2 2 2 2 2 2 2 2 2 2 2 2 1 1 2 2 2 2 1 1 1 1 2 2 0 1 1 1 1 1 1 1 0 1 1 1 2 1 1 1 0 0 0 0 0 0 1 1 0 0 0 0 0 0 0 0 2 2 2 1 0 0 2 2 1 2 2 2 2 1 1 1 2 2 2 2 2 0 2 2 2 0 1 1 2 2 2 2 2 2 2 1 0 2 0 1 1 2 2 2 0 2 2 2 2 0 0 2 2 2 
2 2 1 0 2 0 2 2 2 2 2 2 2 2 2 2 2 2 2 2 2 2 2 1 1 0 0 2 0 2 0 2 2 2 2 2 2 2 2 2 2 2 2 2 2 2 2 2 2 2 2 2 2 2 2 2 2 2 2 2 1 2 2 2 2 2 1 1 1 2 2 2 0 2 1 1 1 1 1 1 1 0 1 1 2 1 1 2 2 0 0 0 1 1 1 1 0 0 0 0 0 0 0 1 2 1 2 2 2 1 2 2 1 2 1 1 1 1 1 2 1 2 1 2 2 1 0 0 2 0 2 2 0 2 2 2 2 2 2 2 1 1 1 1 1 2 0 0 0 2 2 2 0 0 1 2 2 
2 2 2 2 0 1 0 2 1 2 2 2 2 2 2 1 0 2 2 2 2 2 2 1 1 0 2 2 2 2 2 2 2 2 2 2 2 2 2 2 2 2 2 2 2 2 2 2 2 2 2 2 2 2 2 2 2 2 2 2 1 2 2 2 2 2 2 1 1 0 2 2 1 0 1 1 1 1 1 1 1 1 0 1 1 2 1 2 1 0 0 1 1 1 1 1 1 0 0 0 0 0 1 1 1 2 2 2 0 2 2 0 1 1 0 1 1 1 1 1 2 2 2 2 1 0 0 2 1 2 2 1 2 1 2 2 2 2 2 2 2 1 1 1 1 0 1 0 0 0 2 2 2 0 1 1 1 
2 2 0 1 0 2 0 0 1 0 2 2 2 0 2 0 2 1 1 2 2 2 0 1 1 0 2 2 2 2 2 2 2 2 2 2 0 2 2 2 2 2 2 2 2 2 2 2 2 2 2 2 2 2 2 2 2 2 2 2 2 2 2 2 2 1 2 1 1 1 2 2 2 0 1 1 1 1 1 2 2 1 1 2 1 1 2 2 1 1 2 0 1 1 1 1 1 0 0 0 0 1 1 1 1 2 2 0 1 2 1 2 1 0 1 1 1 0 0 1 1 1 2 1 2 2 2 0 0 2 1 2 2 2 1 1 1 1 2 2 1 2 1 1 0 0 1 0 0 0 0 2 0 0 2 2 2 
2 2 2 2 1 0 1 2 2 2 2 2 1 1 1 2 1 1 2 2 2 2 1 1 1 2 2 0 2 2 2 2 2 2 2 2 2 0 2 2 2 2 2 1 2 2 2 2 2 2 2 2 2 2 2 2 2 2 2 2 2 2 2 2 2 2 1 2 1 1 0 2 2 1 0 1 1 2 1 1 1 2 1 1 2 1 2 2 1 1 1 2 0 1 1 1 1 1 0 2 1 1 1 2 2 1 0 1 2 2 1 2 0 1 1 1 1 2 2 2 2 0 0 0 2 2 2 0 2 1 2 1 2 1 1 2 2 1 1 2 2 1 2 0 0 2 0 0 0 0 0 2 2 0 1 2 2 
2 2 2 2 2 1 2 2 2 2 2 2 2 1 0 1 2 2 2 2 2 2 1 1 0 2 2 1 2 1 2 0 1 1 2 2 2 2 0 0 2 1 1 1 2 2 2 2 2 2 2 2 2 2 2 2 2 2 2 2 2 2 2 2 2 2 1 2 2 1 2 2 2 2 1 0 1 2 2 2 2 2 2 1 0 1 1 1 1 1 1 1 0 0 0 0 0 0 0 1 1 0 2 2 2 1 1 2 2 0 2 0 1 2 1 1 2 2 2 2 2 2 2 2 1 2 2 0 2 2 1 2 0 2 1 2 2 2 2 2 2 2 2 2 2 0 2 2 0 0 0 0 2 2 2 1 2 
0 0 2 2 2 2 0 2 2 2 2 2 2 2 2 2 2 2 2 2 2 2 1 1 2 2 2 2 2 0 1 1 1 0 2 2 2 2 0 0 0 0 1 1 2 2 2 2 2 2 2 2 2 2 2 2 2 2 2 2 2 2 2 2 2 2 2 1 2 1 1 2 0 2 2 1 0 1 1 1 1 2 2 1 1 0 1 1 1 2 1 1 2 0 2 2 0 0 1 1 1 1 2 1 2 2 2 1 1 1 0 1 2 1 1 2 2 2 2 2 2 2 2 2 2 2 2 1 2 1 2 2 2 2 2 2 2 2 2 2 2 2 2 2 2 2 2 2 1 1 2 2 1 1 0 1 2 
2 2 2 2 2 0 0 2 2 2 2 2 2 2 2 2 2 2 2 2 1 1 2 2 2 2 2 2 2 0 1 1 0 2 0 0 2 0 0 0 2 1 1 1 2 2 2 2 2 2 2 2 2 2 2 2 2 2 2 2 2 2 2 2 2 2 2 1 2 2 1 1 2 0 2 2 1 2 1 1 2 1 2 2 1 1 1 1 0 1 1 1 1 1 1 1 1 1 1 1 1 1 2 2 2 1 1 2 1 1 1 2 2 1 2 2 2 2 1 1 1 2 2 2 2 1 1 2 1 1 0 2 2 2 1 2 2 2 2 2 2 2 2 2 2 1 1 2 0 2 2 1 1 0 0 0 2 
2 2 0 2 2 2 1 2 1 2 2 2 2 2 2 2 2 2 2 2 2 0 1 2 2 0 2 2 2 0 0 0 0 2 2 1 0 0 0 0 1 0 2 2 2 0 2 0 2 2 2 2 2 2 2 2 2 2 2 2 1 2 2 2 2 2 2 1 2 1 2 1 1 0 2 2 2 2 0 0 1 1 1 2 1 1 0 1 1 2 2 2 2 1 1 1 1 1 1 1 1 2 2 1 1 1 1 1 1 1 2 2 1 0 2 2 2 1 1 1 1 1 2 2 2 1 0 2 1 1 1 2 2 2 1 2 2 2 2 2 2 2 2 2 2 1 1 1 1 2 2 1 1 2 2 0 2 
0 2 2 2 1 1 1 2 2 2 2 2 2 2 2 2 0 2 2 2 2 0 1 1 2 2 2 2 2 2 2 2 2 1 2 1 0 0 0 0 2 1 0 2 2 2 2 2 2 2 2 2 2 2 2 2 2 2 2 2 2 2 2 2 2 2 2 2 2 2 2 2 1 2 0 1 2 2 2 2 0 0 1 1 1 1 0 1 1 1 2 2 2 2 2 1 1 1 1 1 2 2 2 1 1 1 1 1 1 1 2 2 2 0 2 2 2 2 1 1 1 1 1 0 2 2 2 1 1 1 1 2 2 2 2 1 2 2 2 2 2 2 2 2 2 2 2 2 2 2 2 2 2 1 1 1 2 
2 2 1 2 2 2 1 1 2 2 2 2 2 2 2 2 2 2 2 2 2 2 2 2 1 2 2 0 2 2 1 2 2 1 1 2 2 2 0 0 1 1 0 2 2 2 2 2 2 2 2 2 2 2 2 2 2 2 1 2 2 2 2 2 2 2 2 2 2 2 2 1 2 1 2 0 1 1 2 2 2 2 0 0 1 0 1 1 1 0 1 1 2 1 2 1 1 1 2 2 2 2 1 0 1 1 1 2 2 1 2 2 2 2 2 2 2 2 2 1 1 1 1 2 2 2 0 1 1 1 1 0 2 2 2 2 2 2 2 2 2 2 2 2 2 2 2 2 2 2 2 2 2 2 2 2 2 
1 1 1 2 2 2 0 2 2 2 2 2 0 2 2 2 2 1 1 1 2 2 2 0 1 2 2 2 2 2 2 2 0 2 2 2 2 2 2 1 1 1 2 2 2 0 2 0 2 2 2 2 2 2 2 2 2 2 2 2 0 2 2 2 2 2 2 2 2 2 2 2 1 1 1 1 0 0 1 1 2 2 2 2 0 1 1 1 1 1 1 1 1 1 1 1 2 1 2 2 1 1 0 1 1 2 2 1 1 1 2 2 2 2 2 2 2 2 2 1 1 0 2 2 2 2 2 1 1 1 2 2 2 2 2 2 0 0 0 1 1 2 2 2 0 2 2 1 2 2 2 2 2 2 2 2 2 
1 1 1 2 1 0 2 2 2 2 2 2 2 1 1 2 2 2 2 2 2 2 2 2 2 1 2 2 2 2 2 2 0 1 2 2 2 1 2 2 2 2 2 2 2 2 2 2 2 2 2 2 2 2 2 2 2 2 2 2 0 2 2 2 2 2 2 2 2 0 2 2 2 1 1 1 1 1 0 0 1 1 2 2 2 0 1 1 1 2 2 1 1 1 2 2 1 1 2 1 1 1 1 1 1 2 1 1 1 1 1 2 2 2 0 2 2 1 1 0 2 2 2 0 2 2 1 1 1 1 2 2 0 2 2 0 0 0 0 2 2 2 1 1 2 2 2 2 2 2 2 2 2 2 2 2 2 
2 0 2 1 1 2 2 2 2 2 2 0 0 2 0 1 1 2 2 2 2 2 2 2 2 1 2 2 2 2 2 2 2 2 2 2 1 1 2 2 2 2 2 2 2 2 2 2 2 2 2 2 2 2 2 2 2 2 2 2 2 2 2 2 2 2 2 2 2 2 2 2 2 2 1 1 1 1 1 0 0 0 1 1 2 2 0 0 1 1 2 1 2 1 2 1 0 2 2 2 1 1 1 2 2 2 2 1 1 1 2 2 2 2 0 1 1 2 2 2 2 2 2 2 2 2 0 0 2 2 2 2 2 2 2 0 0 0 0 1 1 1 1 1 2 2 1 2 2 2 2 2 2 2 2 2 2 
2 0 0 2 2 2 2 2 2 2 2 2 2 0 2 2 0 2 0 0 2 2 0 2 2 2 2 2 2 2 2 2 0 2 2 0 0 2 2 2 2 2 2 2 2 2 2 2 2 2 2 2 2 2 2 2 2 2 2 2 2 2 2 2 2 2 2 2 2 2 2 2 2 2 2 2 1 1 1 1 0 1 0 0 1 2 2 0 2 1 2 2 1 2 2 1 2 2 1 1 0 1 2 2 2 2 2 1 1 2 2 2 2 1 1 2 0 2 2 2 2 2 2 2 2 2 0 2 2 2 2 2 2 2 2 2 0 0 0 1 1 1 1 1 2 1 1 1 2 2 2 2 2 2 2 2 2 
2 1 1 1 2 2 2 2 0 1 1 1 1 2 2 1 2 0 2 0 2 2 2 0 2 2 2 2 2 2 2 2 2 2 2 2 0 2 2 2 2 2 2 2 2 2 2 2 2 2 2 2 2 2 2 2 2 2 2 2 2 2 2 2 2 2 2 2 2 2 2 2 2 2 2 1 1 1 1 1 1 1 2 0 0 0 2 2 0 0 1 2 2 2 1 1 2 2 2 1 1 0 2 2 2 2 2 2 2 2 2 1 1 2 0 2 2 2 2 2 2 2 2 2 2 2 2 2 2 2 2 2 0 0 2 2 2 2 0 1 1 1 1 1 2 1 1 1 1 2 2 2 2 2 2 2 2 
0 2 2 2 2 2 2 0 2 2 2 1 1 2 2 2 2 2 0 2 0 2 2 2 0 2 2 2 2 2 2 2 2 2 2 2 2 2 2 2 2 2 2 0 2 2 2 2 2 2 2 2 2 2 2 2 2 2 2 2 2 2 2 2 2 2 2 2 2 2 2 2 2 2 2 2 2 1 1 1 1 1 1 1 2 0 0 2 2 2 0 2 0 2 1 2 2 1 1 1 0 2 1 2 2 2 2 2 2 2 1 2 0 2 2 2 2 2 2 2 2 2 2 2 2 2 2 2 2 2 0 2 2 2 0 2 2 2 0 1 1 2 2 1 2 1 1 1 1 1 2 2 2 2 2 2 2 
1 2 2 2 2 2 2 0 2 2 2 0 0 2 0 1 2 2 2 2 0 2 2 2 2 1 2 2 2 2 2 0 0 0 2 2 2 2 1 1 1 1 1 1 2 2 2 2 2 2 2 2 2 2 2 2 2 2 2 2 2 2 2 2 2 2 2 2 2 2 2 2 2 2 2 2 2 2 1 1 1 1 1 1 1 1 0 2 1 2 2 2 0 2 2 2 1 1 1 1 1 1 0 1 2 2 2 2 2 1 0 2 0 2 2 2 2 2 2 2 2 2 2 2 2 2 2 2 2 0 2 2 2 2 2 0 2 2 1 2 2 2 2 1 1 1 2 1 1 1 1 2 2 2 2 2 2 
2 2 2 2 2 2 2 0 2 2 2 2 2 0 2 2 2 2 2 2 2 2 2 2 2 2 2 2 2 0 2 2 0 0 2 2 2 2 2 2 2 2 2 2 1 2 2 2 2 2 0 2 2 2 2 2 2 2 2 2 2 2 2 2 2 2 2 2 2 2 2 2 2 2 2 2 2 2 1 1 1 1 1 1 1 1 2 2 1 1 1 2 2 2 2 1 1 2 0 1 1 0 1 1 0 2 2 2 1 0 2 2 2 2 2 2 2 2 2 2 2 2 2 2 2 2 2 2 2 2 2 2 2 2 2 2 2 2 2 2 2 2 2 2 1 1 1 2 1 1 1 2 2 2 2 2 2 
2 2 2 2 2 2 2 0 0 2 2 2 2 2 2 2 2 2 2 2 2 2 2 2 2 2 2 2 2 2 2 2 2 0 0 0 2 2 2 2 2 2 2 2 2 2 2 2 2 1 1 1 1 1 1 2 2 2 2 2 2 2 2 2 2 2 2 2 2 2 2 2 2 2 2 2 2 2 2 2 1 1 1 1 1 1 0 2 0 1 1 1 1 1 1 1 1 2 0 1 1 1 0 0 1 0 2 1 0 2 2 2 2 2 2 2 2 2 2 2 2 2 2 2 2 2 2 2 2 2 2 2 2 2 2 1 2 2 2 2 0 2 2 2 2 2 2 1 1 1 1 2 2 2 2 2 2 
2 2 2 2 2 2 2 2 2 1 1 2 2 2 2 2 2 2 2 2 2 0 2 2 2 2 2 2 2 2 2 2 2 2 0 0 2 2 2 2 2 2 2 2 2 2 2 2 1 2 1 1 1 1 2 2 2 2 2 2 2 2 2 2 2 2 2 2 2 2 2 2 2 2 2 2 2 2 2 2 2 1 1 0 0 1 2 0 0 0 1 1 2 2 2 1 2 1 1 2 1 1 1 0 1 0 0 0 2 2 2 2 2 2 2 2 2 2 2 2 2 2 2 2 2 2 2 2 2 2 2 2 1 2 2 2 2 2 2 2 2 2 2 2 2 2 1 2 1 1 1 1 2 2 2 2 2 
2 2 2 2 2 2 2 2 2 1 2 2 2 2 2 2 2 2 2 1 2 2 2 2 2 2 2 2 2 1 2 2 2 2 0 0 2 2 2 2 2 2 2 2 2 2 0 2 2 2 1 1 1 2 2 2 2 2 2 2 2 2 2 1 2 2 2 2 2 2 2 2 2 2 2 2 2 2 2 2 2 2 2 1 0 0 0 0 1 0 0 1 1 1 2 1 1 1 1 1 1 1 1 1 0 0 2 2 2 2 2 2 2 2 2 2 2 2 2 2 2 2 2 2 2 2 2 2 2 2 2 0 2 2 2 2 2 2 2 2 2 2 2 2 2 1 2 1 1 1 1 1 2 2 2 2 2 
2 2 2 2 2 2 2 2 1 2 2 2 2 1 1 1 1 2 2 2 2 2 2 2 2 2 2 2 2 1 1 1 2 2 0 2 2 2 2 2 2 0 0 2 2 2 2 2 2 2 2 1 1 2 2 2 2 2 2 2 2 2 2 1 2 2 2 2 2 2 2 2 2 2 2 2 2 2 2 2 2 2 1 2 0 0 0 2 0 2 0 2 1 1 0 0 1 1 1 1 1 1 1 1 1 2 2 2 2 2 2 2 2 2 2 2 2 2 2 2 2 2 2 2 2 2 2 2 2 2 2 2 2 2 2 2 2 2 2 2 2 2 2 2 2 0 1 1 1 2 2 2 2 2 0 2 2 
2 1 2 2 2 1 1 2 2 2 2 2 2 2 2 2 2 2 2 2 2 2 2 2 2 2 2 2 2 2 2 2 2 2 1 2 2 2 2 2 2 2 2 2 2 2 2 2 2 2 2 2 2 2 2 2 2 2 2 2 2 1 2 2 2 2 2 2 2 2 2 2 2 2 2 2 2 2 2 2 2 2 1 1 2 0 1 0 2 0 1 0 1 1 1 1 1 1 2 1 1 1 1 1 1 0 0 2 2 2 2 2 2 2 2 2 2 1 2 2 2 2 2 2 2 2 2 2 2 2 2 2 2 2 2 2 2 2 2 2 2 2 2 2 1 2 2 1 2 2 2 2 2 2 2 2 2 
2 2 1 1 2 2 2 2 2 2 2 2 2 2 2 2 2 2 2 2 2 2 2 2 2 2 2 2 2 2 2 2 2 2 1 2 2 2 2 2 2 2 2 2 2 2 2 2 2 2 2 2 2 2 2 2 2 2 2 2 2 2 2 2 2 2 2 2 2 2 2 2 2 2 2 2 2 2 2 2 2 2 2 2 2 2 0 1 1 0 1 0 1 1 1 2 1 1 1 1 1 1 1 1 0 2 2 2 2 2 2 2 2 2 2 2 2 2 2 1 2 2 2 2 2 2 2 2 2 2 2 0 2 2 2 2 2 2 2 2 2 2 2 2 2 2 2 1 2 2 2 2 2 2 2 2 2 
2 2 1 2 2 2 2 2 2 2 2 2 2 2 2 2 2 2 2 2 2 0 1 0 2 2 2 2 2 2 2 2 2 2 2 2 2 0 2 2 2 2 2 2 2 2 2 2 2 2 2 2 2 2 2 2 2 2 2 2 2 2 2 2 2 2 2 2 2 2 2 2 2 2 2 2 2 2 2 1 2 2 2 0 2 2 2 1 1 0 2 2 1 1 1 2 2 1 1 1 1 1 0 1 2 2 2 2 2 2 2 2 2 2 2 2 2 2 2 2 2 1 2 2 2 2 2 2 2 2 2 2 2 2 2 2 2 2 2 1 2 2 2 2 2 2 0 1 1 1 2 2 2 2 2 2 2 
2 2 2 2 2 1 2 2 2 2 2 2 2 2 2 2 2 2 2 1 2 2 2 2 1 0 0 2 2 2 2 2 2 2 2 2 1 1 2 2 2 2 2 2 2 2 2 2 2 2 2 2 2 2 2 2 2 2 2 2 2 2 2 2 2 2 2 2 2 2 2 2 2 2 2 2 2 1 0 1 1 2 2 2 2 1 1 1 1 0 2 1 1 1 1 2 2 2 1 1 1 1 1 2 2 2 2 2 2 2 2 2 2 2 2 2 2 2 2 2 2 2 2 1 2 2 2 2 2 2 2 2 0 2 2 2 1 2 2 2 2 2 2 2 2 2 2 1 1 1 2 2 2 2 2 2 2 
2 2 2 2 2 2 2 2 2 2 2 2 2 2 2 2 2 2 2 2 2 0 0 0 2 0 1 0 2 2 1 1 1 1 2 1 1 1 2 2 2 2 2 2 2 2 2 2 2 2 2 2 2 2 2 2 2 2 2 2 2 2 2 2 2 2 2 2 2 2 0 0 2 2 2 1 1 1 2 2 2 2 2 2 1 0 1 1 1 0 0 1 1 1 1 2 2 2 1 1 1 1 1 0 2 2 2 2 2 1 2 2 2 2 2 2 2 2 2 2 2 2 2 2 2 2 2 2 2 2 2 2 2 2 2 2 2 2 2 2 2 2 2 2 2 2 2 1 1 2 1 2 2 2 2 2 2 
2 2 2 2 2 2 2 1 2 2 2 0 2 2 2 2 2 2 2 2 2 0 2 1 0 0 0 2 2 0 0 1 0 0 0 0 2 2 2 2 2 2 2 2 2 2 2 2 2 2 2 2 2 2 2 2 2 2 2 2 2 2 2 2 2 0 0 2 2 2 0 2 2 2 2 1 1 0 1 1 2 2 2 2 2 1 1 1 1 1 2 1 1 1 1 1 1 1 1 1 0 1 1 0 0 2 2 2 2 2 2 1 2 2 2 2 2 2 2 2 2 2 2 2 2 2 2 2 2 2 2 2 2 2 2 2 2 2 2 2 2 2 2 2 2 2 2 1 1 1 2 1 1 2 2 2 2 
2 2 2 2 2 2 2 2 0 2 2 2 2 2 2 2 2 2 2 2 2 2 2 2 2 0 0 0 0 1 1 0 1 2 1 1 2 1 2 2 2 2 2 2 2 2 2 2 2 2 2 2 2 2 2 2 2 2 2 2 2 2 2 2 2 2 2 2 0 2 2 2 2 2 2 2 2 2 2 2 1 2 2 2 2 0 1 1 2 2 1 1 1 1 1 1 1 1 1 0 1 2 1 0 0 2 2 2 2 2 2 2 2 1 2 2 2 2 2 2 2 2 2 2 2 2 1 2 2 2 2 2 2 2 2 2 2 2 2 2 2 2 2 2 2 2 2 2 1 1 1 1 1 2 2 2 2 
2 2 2 2 2 2 2 2 2 1 2 2 2 2 2 2 2 2 2 2 2 2 2 2 2 2 2 2 2 1 0 1 2 2 2 2 2 1 2 2 2 2 2 2 2 2 2 2 2 2 2 2 2 2 2 2 2 2 2 2 2 2 2 2 2 2 2 2 2 2 2 2 2 2 2 0 2 1 2 2 2 0 2 2 2 2 0 1 0 0 1 1 1 1 1 1 1 1 1 1 1 2 1 0 2 2 1 2 2 2 2 2 2 2 2 1 2 2 2 2 2 2 2 2 2 2 2 2 2 2 2 2 2 1 2 0 2 2 2 2 2 2 2 2 2 2 2 2 1 1 1 1 2 2 2 2 2 
2 2 2 2 2 2 2 1 2 2 1 1 2 2 2 2 2 0 2 2 2 2 2 0 0 1 2 2 2 2 1 2 2 2 2 2 2 1 2 2 2 2 2 2 2 2 2 2 2 2 2 2 2 2 2 2 2 2 2 2 2 2 2 2 2 2 2 2 2 2 2 2 2 2 0 2 1 1 0 2 2 2 2 2 2 2 0 2 2 2 1 1 1 2 2 1 1 1 2 2 2 0 1 2 2 2 2 2 2 2 2 2 2 2 2 2 2 1 2 2 2 2 2 2 2 1 2 2 2 2 2 2 2 2 0 2 2 2 2 2 2 2 2 1 2 2 2 2 1 1 2 1 2 2 2 2 2 
2 2 2 2 2 2 2 2 2 2 2 2 1 2 2 2 2 2 1 2 2 2 2 2 2 2 2 0 2 1 2 2 2 2 2 2 2 2 2 2 2 2 2 2 2 2 0 2 2 2 2 2 2 2 2 2 2 2 2 2 2 2 2 2 2 0 2 2 2 2 2 2 2 2 2 2 1 2 2 0 2 0 2 2 2 2 0 0 2 1 1 2 1 2 1 1 2 2 2 2 2 2 1 2 2 1 2 2 2 2 2 2 2 2 2 2 2 2 2 2 2 2 2 2 2 2 2 2 2 2 2 2 1 2 2 2 2 2 2 2 1 2 2 2 2 2 2 2 2 0 1 1 2 2 2 2 2 
2 2 2 2 2 2 2 2 0 2 0 0 2 1 2 2 2 1 1 1 2 2 2 2 2 2 2 2 0 2 1 2 2 2 2 2 2 2 2 2 2 2 2 2 2 2 2 2 2 2 2 2 2 2 2 2 2 2 2 2 2 2 2 2 2 0 2 2 2 2 2 0 2 2 2 2 2 2 2 0 2 0 1 2 2 2 2 0 0 1 2 1 1 1 1 2 2 2 0 2 2 2 2 2 2 2 2 2 2 2 2 2 2 2 2 2 2 2 2 2 2 2 2 2 2 2 2 2 2 2 2 2 2 2 2 2 0 2 1 2 2 2 2 2 2 2 2 2 1 2 2 1 2 2 2 2 2 
2 2 2 2 2 2 2 2 2 2 2 0 0 1 1 2 0 0 0 2 2 1 2 2 2 2 2 2 0 2 2 2 2 2 2 2 2 2 2 2 2 2 2 2 2 2 0 2 2 2 2 2 2 2 2 2 1 2 2 2 2 2 2 2 2 2 2 2 2 2 2 2 2 2 2 2 2 2 2 0 0 0 1 2 2 0 0 2 1 1 1 1 2 1 1 2 2 2 1 2 2 2 2 2 2 1 2 2 2 2 2 2 2 2 2 2 2 2 2 2 2 2 2 2 2 2 2 2 2 2 2 2 2 2 2 2 1 2 2 2 2 2 2 2 2 2 2 2 1 1 2 2 2 2 2 2 2 
2 2 2 2 2 2 2 2 2 2 2 2 2 2 2 2 0 2 0 2 2 2 2 2 2 2 2 2 2 0 2 2 2 2 2 2 2 2 2 2 2 2 2 2 2 2 2 2 2 2 2 2 2 2 1 1 1 2 2 2 2 2 2 2 2 2 2 2 2 0 2 2 2 2 2 2 2 0 0 0 0 0 0 2 0 0 0 0 1 1 1 1 1 1 1 0 1 0 2 0 2 2 2 2 2 2 2 1 0 2 2 2 2 2 2 2 2 2 2 2 2 2 2 2 2 2 2 2 2 2 2 2 2 2 2 2 0 0 2 2 2 2 2 2 2 2 2 2 1 1 2 2 1 1 2 1 2 
2 2 2 2 2 2 2 1 1 2 2 2 2 2 1 2 2 2 2 2 2 2 2 2 2 2 2 2 2 2 0 2 2 2 2 2 2 2 2 2 2 2 2 2 2 2 2 2 2 2 2 2 2 2 1 1 2 2 2 2 2 2 2 2 2 2 2 2 2 2 2 2 2 2 2 2 2 0 0 0 0 0 0 2 2 1 2 2 1 1 1 1 1 1 1 2 1 0 1 2 2 2 1 2 1 1 1 1 2 2 2 1 2 2 2 2 2 2 2 2 2 2 2 2 2 2 2 2 2 2 2 2 2 2 2 2 2 0 0 2 2 1 2 2 2 2 2 2 1 1 2 2 1 2 2 2 2 
2 2 2 2 2 2 2 2 2 2 2 2 2 2 2 2 2 2 2 2 0 2 2 2 2 0 2 2 2 2 2 0 2 2 2 2 2 2 2 2 2 2 2 2 2 2 2 2 2 2 2 2 2 2 2 2 2 2 2 2 2 2 2 2 2 2 2 2 2 2 2 2 2 2 2 2 2 2 0 1 0 0 0 2 1 2 2 2 0 1 1 2 2 0 2 0 2 0 1 1 1 1 2 2 1 1 1 2 2 2 2 0 1 2 2 2 2 2 2 2 2 2 2 2 2 2 2 2 2 2 2 2 2 2 2 2 2 2 0 1 2 2 2 2 2 2 2 1 2 2 2 0 1 1 2 2 2 
2 2 2 2 2 2 2 2 2 2 2 2 2 2 2 2 2 2 2 2 2 2 2 2 2 2 1 1 2 2 2 2 0 0 2 2 2 1 1 2 2 2 2 2 2 2 2 2 2 2 2 2 2 2 2 2 2 2 2 2 2 2 2 2 2 2 2 2 2 2 2 2 2 2 2 2 2 2 0 0 2 2 2 2 1 2 2 2 1 2 2 1 1 1 0 0 2 0 1 2 1 1 0 2 1 1 1 1 0 2 2 2 0 2 2 2 2 2 2 2 2 2 2 2 2 2 2 2 2 2 2 2 2 2 2 2 2 1 2 2 0 2 2 2 2 2 2 2 2 2 2 2 2 1 1 1 2 
2 2 2 2 2 2 2 2 2 2 2 2 0 2 2 2 2 2 2 2 2 2 2 2 2 2 2 2 2 0 2 2 2 2 2 2 1 1 1 1 2 2 2 2 2 2 2 2 2 2 2 2 2 2 2 2 2 2 1 2 2 2 2 2 2 2 2 2 2 2 2 2 2 0 2 2 2 2 0 2 0 2 2 2 2 2 0 2 2 2 0 2 2 1 0 1 1 1 0 2 1 1 2 2 2 2 1 1 1 0 2 1 1 0 2 2 2 2 2 1 2 2 2 2 2 2 2 0 2 2 2 2 2 2 2 2 2 2 2 2 2 2 0 1 2 2 2 2 2 2 2 2 0 2 2 2 2 
2 2 2 2 2 2 0 0 2 2 2 2 2 2 2 2 2 2 2 2 2 2 2 2 2 2 2 2 2 2 0 2 2 2 2 2 1 1 1 1 1 1 2 2 2 2 2 2 2 2 2 2 2 2 2 2 2 1 1 1 2 2 0 2 2 2 1 2 2 2 2 2 2 0 2 2 2 2 0 0 2 2 2 2 2 2 2 2 0 2 2 2 2 2 0 1 1 1 2 1 2 2 2 1 2 2 1 1 2 2 2 1 1 2 0 2 2 0 1 1 1 0 1 1 2 2 2 0 2 2 2 2 2 2 2 2 2 2 2 2 2 2 2 2 0 1 2 2 2 2 2 2 2 1 1 1 2 
1 1 2 2 2 2 2 2 2 2 2 2 2 2 2 2 2 2 2 2 2 2 2 2 2 2 2 2 2 2 2 2 2 2 2 1 1 1 1 1 1 1 1 2 2 2 2 2 2 2 2 2 2 2 2 2 2 2 1 1 2 2 2 2 2 2 2 2 2 2 2 2 2 2 2 2 2 2 0 0 0 2 2 2 2 2 2 2 2 2 1 2 2 2 0 1 1 1 2 1 2 0 2 2 2 2 1 2 2 2 2 2 0 0 1 0 0 1 1 1 1 1 2 1 1 1 2 2 2 0 2 2 2 1 2 2 2 2 2 2 2 2 2 2 2 2 0 2 2 2 2 2 1 2 2 2 1 
2 2 2 2 2 1 2 2 2 2 2 2 2 2 0 2 2 2 2 2 2 2 2 2 2 2 2 2 2 2 2 2 2 2 2 2 2 2 1 1 1 0 1 2 2 2 2 2 2 2 2 2 2 2 2 2 2 2 2 2 2 2 2 2 2 2 2 2 2 2 2 2 2 2 2 2 2 2 2 0 2 2 2 2 2 2 2 2 2 2 2 0 2 0 0 1 1 1 1 1 0 2 2 2 2 2 2 2 2 2 1 1 0 1 2 2 2 1 1 1 2 2 2 2 1 2 2 2 2 2 2 2 2 2 2 2 2 2 2 2 2 2 2 1 2 2 2 2 2 1 2 2 2 2 2 2 2 
2 2 2 2 2 1 2 0 2 2 0 2 0 2 2 2 2 2 2 0 0 2 0 2 2 2 2 2 2 2 2 2 2 2 2 2 2 2 0 2 2 1 2 2 2 2 2 2 2 2 2 2 2 1 1 1 1 1 1 1 2 2 2 2 2 2 2 2 2 2 2 2 2 2 2 2 2 0 0 2 0 0 2 1 1 1 1 2 2 2 2 2 1 2 0 2 1 1 1 1 1 2 2 2 2 2 2 2 2 2 2 0 1 2 2 2 2 2 1 1 2 2 2 2 2 2 2 2 2 2 2 2 2 1 2 2 2 2 2 2 2 2 2 2 2 2 2 2 2 2 2 1 0 2 2 2 2 
2 2 2 2 2 2 2 2 2 2 2 0 0 2 2 2 2 2 2 2 2 0 2 2 2 2 2 2 2 2 2 2 2 2 2 2 2 2 2 0 2 2 2 2 2 2 2 2 2 2 2 2 2 2 2 1 1 1 1 2 2 2 2 2 2 2 2 2 2 2 2 2 2 2 2 2 0 0 2 2 2 2 2 2 2 2 2 2 2 2 2 2 2 2 2 0 1 1 1 0 1 2 2 2 2 2 2 2 2 1 1 2 1 0 2 2 2 2 1 2 2 2 2 2 2 1 2 2 2 2 2 2 2 1 2 2 2 2 2 2 2 2 1 2 2 2 2 2 2 2 1 2 2 2 0 2 2 
2 1 1 2 2 2 2 2 2 0 2 0 0 2 2 0 2 2 2 2 2 2 2 2 2 2 2 2 2 2 2 2 2 2 1 2 2 2 2 2 0 2 2 2 2 2 2 2 2 2 2 2 2 2 1 2 1 2 2 2 2 2 2 2 2 2 2 2 2 2 2 2 2 2 2 2 2 2 2 2 2 2 2 2 2 2 2 2 2 2 2 2 2 2 2 2 1 1 1 1 1 2 2 2 2 2 2 2 1 1 1 1 1 1 2 2 2 2 2 2 2 2 2 2 2 2 2 2 2 2 0 2 2 2 2 0 0 0 0 0 2 2 2 2 2 2 2 2 2 2 2 2 2 2 2 2 0 
1 1 1 2 2 2 2 2 2 2 2 2 2 2 2 2 2 2 2 2 2 2 2 2 2 2 2 2 2 2 2 2 2 2 2 2 2 2 2 2 2 0 2 2 2 2 2 2 2 2 2 2 2 2 2 2 2 1 2 2 2 2 2 2 2 2 2 2 2 2 0 2 2 2 1 2 2 2 2 2 2 0 2 2 2 2 2 2 2 2 2 2 2 2 2 1 1 1 1 2 0 2 1 2 2 2 2 2 2 1 1 2 2 1 2 2 2 2 2 2 2 2 2 2 2 2 2 2 2 2 2 0 2 2 0 0 1 1 0 0 2 1 2 2 2 2 2 2 2 1 2 2 2 2 2 2 2 
1 2 2 2 2 1 2 2 2 2 2 2 2 2 2 2 2 2 2 2 2 2 2 2 2 2 2 2 2 2 2 2 2 2 2 2 2 2 2 2 2 2 0 2 2 2 2 2 2 2 2 2 2 2 2 2 2 2 2 2 2 2 2 2 2 2 2 0 2 2 2 2 1 1 1 1 1 2 2 2 2 2 2 2 2 2 2 2 2 2 2 2 2 2 2 2 2 0 0 2 2 2 1 1 1 2 2 2 2 2 2 2 2 2 2 0 2 2 2 2 2 2 2 2 2 2 2 2 2 2 2 0 0 2 1 1 1 0 1 2 2 1 2 2 2 2 2 2 2 2 2 2 2 2 2 2 2 
2 2 2 2 2 2 2 2 2 1 2 2 0 2 2 2 0 2 2 2 2 0 2 2 1 1 2 2 2 2 2 2 2 2 1 1 1 1 2 2 2 2 2 2 2 2 2 2 2 2 2 2 2 2 2 2 2 2 2 2 2 2 2 2 2 2 2 2 2 2 0 2 2 2 1 2 2 2 2 2 2 2 2 2 2 2 2 2 2 2 2 2 2 2 2 2 0 2 2 2 1 2 1 1 2 2 2 2 2 2 2 2 2 2 2 2 2 2 2 2 1 1 1 2 2 2 2 2 2 2 2 2 2 2 1 1 0 2 2 2 2 2 2 2 2 2 2 2 1 2 2 2 2 2 2 2 1 
2 0 0 2 2 2 2 2 2 2 2 2 1 1 2 2 0 0 2 2 2 2 2 2 2 1 1 1 2 2 2 2 2 2 1 1 1 2 2 2 2 2 2 2 2 2 2 2 2 2 2 2 2 2 2 2 2 2 2 2 2 2 2 2 2 2 2 0 0 2 0 2 2 0 2 0 0 0 2 2 2 2 2 2 2 2 2 2 2 2 2 2 2 2 2 2 2 0 2 2 0 1 1 2 2 2 2 2 2 2 1 1 2 2 2 2 2 2 2 2 0 1 1 2 2 0 2 2 2 2 2 2 2 2 1 2 2 2 2 2 2 1 2 2 2 2 2 2 2 2 2 2 2 2 2 2 2 
2 2 0 1 2 2 2 2 2 2 2 2 2 0 2 2 2 2 2 2 2 2 2 2 2 2 2 2 2 2 2 2 2 2 2 1 1 2 2 2 2 2 2 2 2 2 2 2 2 2 2 2 2 2 2 2 2 2 2 2 2 2 2 2 0 0 0 2 2 2 2 0 0 2 0 0 2 0 2 2 2 2 2 2 2 2 2 2 2 2 2 2 2 2 2 2 2 2 2 2 2 1 1 2 2 2 2 2 0 0 1 1 1 2 2 2 2 2 2 2 0 2 2 2 2 1 2 1 2 2 2 2 2 2 2 2 2 2 2 2 2 2 2 2 2 2 2 2 2 2 2 2 2 2 2 1 2 
2 2 2 0 2 2 2 2 2 2 2 2 2 2 2 2 2 2 2 2 2 2 2 2 2 0 0 2 2 2 2 2 2 2 2 1 1 2 2 2 2 2 2 2 2 2 2 2 2 2 2 2 2 2 2 2 2 2 2 2 2 2 2 2 0 2 2 0 2 2 2 2 2 2 0 1 0 2 2 2 2 2 2 2 2 2 2 2 2 2 2 2 2 1 1 1 1 2 2 2 2 1 2 2 2 2 2 2 2 0 1 1 1 2 2 2 2 2 2 2 2 2 2 2 2 1 1 1 2 2 2 2 2 2 2 2 2 2 2 1 2 2 2 2 2 2 2 2 2 2 2 2 2 2 2 2 2 
2 2 2 1 2 2 2 2 2 2 2 2 2 2 2 2 2 2 2 2 2 2 2 2 2 0 0 2 2 2 2 2 2 2 2 1 1 2 2 2 2 2 2 2 2 2 2 2 2 2 2 2 2 2 2 2 2 2 2 2 2 2 2 2 2 2 2 2 2 2 2 2 2 2 2 1 2 2 2 2 2 2 2 2 1 1 1 2 2 2 2 2 2 2 2 2 2 2 0 2 2 1 2 2 2 2 2 1 1 1 1 1 1 2 2 2 2 2 2 2 2 2 2 2 2 2 1 2 2 2 2 2 2 2 0 2 2 1 1 2 2 2 2 2 2 2 2 2 2 2 2 2 2 2 1 2 2 
2 2 2 2 2 2 2 0 0 0 0 2 2 2 2 2 2 2 2 2 2 2 2 2 2 2 2 2 2 2 2 2 2 2 2 2 0 2 2 2 2 2 2 2 2 2 2 2 2 2 2 2 2 2 2 2 2 2 2 2 2 2 2 2 2 2 2 2 2 2 2 2 2 2 2 1 1 2 2 2 2 2 2 2 2 2 2 2 2 2 2 2 2 2 2 2 2 2 2 2 1 2 1 2 2 1 2 1 2 2 2 2 2 2 2 2 2 2 2 2 2 2 2 2 2 2 2 2 2 2 2 0 2 0 2 2 1 2 2 2 2 2 2 2 2 2 2 2 2 2 2 2 2 2 2 2 2 
2 2 2 2 2 2 2 2 2 2 2 0 1 2 2 2 2 2 2 2 2 2 2 0 2 2 2 0 2 2 2 2 2 2 2 2 2 2 2 2 2 2 2 2 2 2 2 2 2 2 2 2 2 2 2 2 2 2 2 2 2 2 2 2 2 2 2 2 2 2 2 2 2 2 2 1 1 2 2 0 2 2 2 2 2 2 2 2 2 2 2 2 2 2 2 2 2 0 0 1 1 2 2 1 2 1 2 2 2 2 2 2 2 2 2 2 0 0 1 0 2 2 2 2 2 2 2 2 2 2 2 0 2 2 2 2 2 2 2 2 2 2 2 2 0 1 2 2 2 2 2 2 2 2 2 2 2 
0 2 2 2 2 2 2 2 2 2 2 2 2 2 2 2 2 2 2 2 2 2 2 2 2 2 2 0 2 2 2 2 2 2 2 2 2 2 2 2 2 2 2 2 2 2 2 2 2 2 2 2 2 2 2 2 2 2 2 2 2 2 2 2 2 2 2 2 2 2 2 2 2 2 2 2 2 1 2 2 2 2 2 2 2 2 2 2 2 2 2 2 2 2 2 2 2 2 2 1 2 2 2 2 2 1 2 2 2 2 2 2 2 2 2 0 0 0 0 0 2 2 2 2 1 1 2 2 2 2 2 2 2 2 2 1 2 2 2 2 2 2 2 2 2 2 2 2 2 2 2 2 2 1 2 2 2 
2 2 2 0 2 2 2 2 2 2 0 2 2 2 2 2 0 1 1 2 2 2 2 2 2 2 2 2 2 2 2 2 2 2 2 2 2 2 2 2 2 2 2 2 2 2 2 2 2 2 2 2 2 2 2 2 2 2 2 2 2 2 2 2 2 2 2 2 2 2 2 0 2 0 0 2 2 2 1 2 2 2 2 2 2 2 2 2 2 2 2 2 2 2 2 2 0 0 1 0 2 2 2 2 1 2 2 2 2 2 2 2 2 2 2 2 1 1 2 0 0 2 2 2 2 1 1 2 2 2 2 2 2 2 2 2 2 1 2 2 2 2 2 1 2 2 2 2 2 2 2 0 2 2 2 2 2 
2 2 2 0 2 2 2 2 2 2 0 2 2 2 2 2 2 2 2 2 2 2 2 2 2 2 2 2 2 2 2 2 2 2 2 2 2 2 2 2 2 2 2 2 2 2 2 2 2 2 2 2 2 2 2 2 2 2 2 2 2 2 2 2 2 2 2 2 2 2 1 2 2 2 2 2 2 2 1 1 2 2 2 2 2 2 2 2 2 2 2 2 2 2 2 2 2 2 1 2 2 2 2 2 2 2 2 2 2 2 2 2 2 2 2 0 1 1 2 2 1 2 2 2 2 1 1 1 2 2 2 2 2 2 2 0 0 1 2 2 2 2 1 0 1 2 2 2 2 2 2 0 0 2 2 2 2 
2 2 2 2 2 2 0 2 2 0 2 0 2 2 2 2 1 2 2 2 2 2 2 2 2 2 2 2 2 2 1 1 2 2 2 2 2 2 2 2 2 2 2 2 2 2 2 2 2 2 2 2 2 2 2 2 2 2 2 2 2 2 2 2 2 2 2 0 2 0 2 2 2 2 2 2 2 1 1 1 1 1 2 2 2 2 2 2 2 2 2 2 2 2 2 2 2 2 1 2 2 2 2 2 1 2 2 2 2 2 2 2 2 2 2 0 0 1 2 2 2 2 2 0 2 2 2 2 2 2 2 2 2 2 2 2 2 2 1 2 2 2 2 2 1 1 1 2 1 0 0 1 0 2 1 2 2 
